1,0,0,0,1,0,0,0,1,0,0,0.6,0
1,0,1.3364e-06,0,1,0,-1.3364e-06,0,1,6.8647e-07,0,0.6,0
1,0,1.0627e-05,0,1,0,-1.0627e-05,0,1,5.4587e-06,0,0.6,0
1,0,3.5649e-05,0,1,0,-3.5649e-05,0,1,1.8312e-05,0,0.60001,0
1,0,8.399e-05,0,1,0,-8.399e-05,0,1,4.3145e-05,0,0.60003,0
1,0,0.00016305,0,1,0,-0.00016305,0,1,8.3759e-05,0,0.60006,0
1,0,0.00028004,0,1,0,-0.00028004,0,1,0.00014386,0,0.6001,0
1,0,0.00044197,0,1,0,-0.00044197,0,1,0.00022707,0,0.60016,0
1,0,0.0006557,0,1,0,-0.0006557,0,1,0.0003369,0,0.60024,0
1,0,0.00092788,0,1,0,-0.00092788,0,1,0.00047679,0,0.60034,0
1,0,0.001265,0,1,0,-0.001265,0,1,0.00065009,0,0.60047,0
1,0,0.0016733,0,1,0,-0.0016733,0,1,0.00086006,0,0.60062,0
1,0,0.002159,0,1,0,-0.002159,0,1,0.0011099,0,0.6008,0
1,0,0.0027279,0,1,0,-0.0027279,0,1,0.0014026,0,0.60101,0
0.99999,0,0.0033859,0,1,0,-0.0033859,0,0.99999,0.0017414,0,0.60125,0
0.99999,0,0.0041385,0,1,0,-0.0041385,0,0.99999,0.002129,0,0.60153,0
0.99999,0,0.0049912,0,1,0,-0.0049912,0,0.99999,0.0025685,0,0.60184,0
0.99998,0,0.0059492,0,1,0,-0.0059492,0,0.99998,0.0030625,0,0.60219,0
0.99998,0,0.0070175,0,1,0,-0.0070175,0,0.99998,0.0036138,0,0.60258,0
0.99997,0,0.0082012,0,1,0,-0.0082012,0,0.99997,0.0042252,0,0.60302,0
0.99995,0,0.0095048,0,1,0,-0.0095048,0,0.99995,0.0048991,0,0.60349,0
0.99994,0,0.010933,0,1,0,-0.010933,0,0.99994,0.0056382,0,0.60402,0
0.99992,0,0.01249,0,1,0,-0.01249,0,0.99992,0.0064449,0,0.60458,0
0.9999,0,0.014181,0,1,0,-0.014181,0,0.9999,0.0073216,0,0.6052,0
0.99987,0,0.016009,0,1,0,-0.016009,0,0.99987,0.0082708,0,0.60586,0
0.99984,0,0.017978,0,1,0,-0.017978,0,0.99984,0.0092947,0,0.60657,0
0.9998,0,0.020092,0,1,0,-0.020092,0,0.9998,0.010396,0,0.60733,0
0.99975,0,0.022355,0,1,0,-0.022355,0,0.99975,0.011576,0,0.60815,0
0.99969,0,0.02477,0,1,0,-0.02477,0,0.99969,0.012837,0,0.60901,0
0.99963,0,0.02734,0,1,0,-0.02734,0,0.99963,0.014182,0,0.60993,0
0.99955,0,0.030069,0,1,0,-0.030069,0,0.99955,0.015613,0,0.6109,0
0.99946,0,0.032959,0,1,0,-0.032959,0,0.99946,0.017131,0,0.61192,0
0.99935,0,0.036014,0,1,0,-0.036014,0,0.99935,0.01874,0,0.613,0
0.99923,0,0.039235,0,1,0,-0.039235,0,0.99923,0.020439,0,0.61413,0
0.99909,0,0.042626,0,1,0,-0.042626,0,0.99909,0.022232,0,0.61531,0
0.99893,0,0.046189,0,1,0,-0.046189,0,0.99893,0.024121,0,0.61655,0
0.99875,0,0.049925,0,1,0,-0.049925,0,0.99875,0.026107,0,0.61784,0
0.99855,0,0.053837,0,1,0,-0.053837,0,0.99855,0.028192,0,0.61918,0
0.99832,0,0.057928,0,1,0,-0.057928,0,0.99832,0.030377,0,0.62058,0
0.99806,0,0.062197,0,1,0,-0.062197,0,0.99806,0.032666,0,0.62202,0
0.99778,0,0.066648,0,1,0,-0.066648,0,0.99778,0.035058,0,0.62352,0
0.99746,0,0.071281,0,1,0,-0.071281,0,0.99746,0.037557,0,0.62507,0
0.9971,0,0.076097,0,1,0,-0.076097,0,0.9971,0.040163,0,0.62667,0
0.99671,0,0.081099,0,1,0,-0.081099,0,0.99671,0.042877,0,0.62832,0
0.99627,0,0.086285,0,1,0,-0.086285,0,0.99627,0.045703,0,0.63002,0
0.99579,0,0.091658,0,1,0,-0.091658,0,0.99579,0.048641,0,0.63176,0
0.99526,0,0.097218,0,1,0,-0.097218,0,0.99526,0.051692,0,0.63355,0
0.99468,0,0.10297,0,1,0,-0.10297,0,0.99468,0.054858,0,0.63538,0
0.99405,0,0.1089,0,1,0,-0.1089,0,0.99405,0.05814,0,0.63725,0
0.99336,0,0.11502,0,1,0,-0.11502,0,0.99336,0.06154,0,0.63916,0
0.99261,0,0.12133,0,1,0,-0.12133,0,0.99261,0.065058,0,0.64111,0
0.9918,0,0.12783,0,1,0,-0.12783,0,0.9918,0.068697,0,0.64309,0
0.99091,0,0.13451,0,1,0,-0.13451,0,0.99091,0.072457,0,0.64511,0
0.98996,0,0.14138,0,1,0,-0.14138,0,0.98996,0.076339,0,0.64716,0
0.98892,0,0.14843,0,1,0,-0.14843,0,0.98892,0.080344,0,0.64924,0
0.98781,0,0.15567,0,1,0,-0.15567,0,0.98781,0.084473,0,0.65135,0
0.98661,0,0.16309,0,1,0,-0.16309,0,0.98661,0.088728,0,0.65348,0
0.98533,0,0.17069,0,1,0,-0.17069,0,0.98533,0.093108,0,0.65563,0
0.98395,0,0.17847,0,1,0,-0.17847,0,0.98395,0.097615,0,0.6578,0
0.98247,0,0.18642,0,1,0,-0.18642,0,0.98247,0.10225,0,0.65999,0
0.98089,0,0.19456,0,1,0,-0.19456,0,0.98089,0.10701,0,0.66219,0
0.97921,0,0.20287,0,1,0,-0.20287,0,0.97921,0.1119,0,0.6644,0
0.97741,0,0.21135,0,1,0,-0.21135,0,0.97741,0.11692,0,0.66661,0
0.9755,0,0.21999,0,1,0,-0.21999,0,0.9755,0.12207,0,0.66883,0
0.97347,0,0.22881,0,1,0,-0.22881,0,0.97347,0.12735,0,0.67105,0
0.97132,0,0.23778,0,1,0,-0.23778,0,0.97132,0.13276,0,0.67327,0
0.96904,0,0.24692,0,1,0,-0.24692,0,0.96904,0.1383,0,0.67548,0
0.96662,0,0.25621,0,1,0,-0.25621,0,0.96662,0.14396,0,0.67768,0
0.96407,0,0.26566,0,1,0,-0.26566,0,0.96407,0.14976,0,0.67986,0
0.96137,0,0.27526,0,1,0,-0.27526,0,0.96137,0.15569,0,0.68203,0
0.95853,0,0.285,0,1,0,-0.285,0,0.95853,0.16175,0,0.68417,0
0.95553,0,0.29488,0,1,0,-0.29488,0,0.95553,0.16793,0,0.68629,0
0.95238,0,0.3049,0,1,0,-0.3049,0,0.95238,0.17424,0,0.68838,0
0.94907,0,0.31505,0,1,0,-0.31505,0,0.94907,0.18068,0,0.69044,0
0.9456,0,0.32533,0,1,0,-0.32533,0,0.9456,0.18725,0,0.69246,0
0.94196,0,0.33574,0,1,0,-0.33574,0,0.94196,0.19394,0,0.69444,0
0.93814,0,0.34626,0,1,0,-0.34626,0,0.93814,0.20076,0,0.69637,0
0.93415,0,0.35689,0,1,0,-0.35689,0,0.93415,0.2077,0,0.69826,0
0.92997,0,0.36763,0,1,0,-0.36763,0,0.92997,0.21476,0,0.70009,0
0.92561,0,0.37847,0,1,0,-0.37847,0,0.92561,0.22194,0,0.70186,0
0.92106,0,0.38941,0,1,0,-0.38941,0,0.92106,0.22924,0,0.70357,0
0.91632,0,0.40044,0,1,0,-0.40044,0,0.91632,0.23666,0,0.70522,0
0.91139,0,0.41155,0,1,0,-0.41155,0,0.91139,0.2442,0,0.70679,0
0.90625,0,0.42274,0,1,0,-0.42274,0,0.90625,0.25185,0,0.7083,0
0.90091,0,0.434,0,1,0,-0.434,0,0.90091,0.2596,0,0.70972,0
0.89537,0,0.44532,0,1,0,-0.44532,0,0.89537,0.26747,0,0.71107,0
0.88962,0,0.4567,0,1,0,-0.4567,0,0.88962,0.27545,0,0.71232,0
0.88366,0,0.46813,0,1,0,-0.46813,0,0.88366,0.28353,0,0.71349,0
0.87748,0,0.47961,0,1,0,-0.47961,0,0.87748,0.29171,0,0.71457,0
0.87109,0,0.49112,0,1,0,-0.49112,0,0.87109,0.29999,0,0.71555,0
0.86448,0,0.50267,0,1,0,-0.50267,0,0.86448,0.30836,0,0.71642,0
0.85765,0,0.51423,0,1,0,-0.51423,0,0.85765,0.31683,0,0.71719,0
0.8506,0,0.52581,0,1,0,-0.52581,0,0.8506,0.32539,0,0.71786,0
0.84333,0,0.5374,0,1,0,-0.5374,0,0.84333,0.33403,0,0.71841,0
0.83583,0,0.54899,0,1,0,-0.54899,0,0.83583,0.34276,0,0.71885,0
0.82811,0,0.56057,0,1,0,-0.56057,0,0.82811,0.35156,0,0.71917,0
0.82016,0,0.57213,0,1,0,-0.57213,0,0.82016,0.36045,0,0.71937,0
0.81199,0,0.58367,0,1,0,-0.58367,0,0.81199,0.3694,0,0.71944,0
0.80359,0,0.59518,0,1,0,-0.59518,0,0.80359,0.37842,0,0.71938,0
0.79497,0,0.60665,0,1,0,-0.60665,0,0.79497,0.3875,0,0.7192,0
0.78612,0,0.61808,0,1,0,-0.61808,0,0.78612,0.39665,0,0.71888,0
0.77704,0,0.62945,0,1,0,-0.62945,0,0.77704,0.40585,0,0.71843,0
0.76774,0,0.64076,0,1,0,-0.64076,0,0.76774,0.4151,0,0.71784,0
0.75822,0,0.652,0,1,0,-0.652,0,0.75822,0.42439,0,0.71711,0
0.74848,0,0.66316,0,1,0,-0.66316,0,0.74848,0.43373,0,0.71623,0
0.73852,0,0.67423,0,1,0,-0.67423,0,0.73852,0.44311,0,0.71521,0
0.72834,0,0.68522,0,1,0,-0.68522,0,0.72834,0.45252,0,0.71405,0
0.71794,0,0.6961,0,1,0,-0.6961,0,0.71794,0.46196,0,0.71274,0
0.70734,0,0.70688,0,1,0,-0.70688,0,0.70734,0.47142,0,0.71128,0
0.69652,0,0.71754,0,1,0,-0.71754,0,0.69652,0.4809,0,0.70967,0
0.6855,0,0.72808,0,1,0,-0.72808,0,0.6855,0.49039,0,0.70791,0
0.67427,0,0.73848,0,1,0,-0.73848,0,0.67427,0.49989,0,0.70599,0
0.66284,0,0.74876,0,1,0,-0.74876,0,0.66284,0.5094,0,0.70392,0
0.65122,0,0.75889,0,1,0,-0.75889,0,0.65122,0.5189,0,0.7017,0
0.63941,0,0.76887,0,1,0,-0.76887,0,0.63941,0.5284,0,0.69933,0
0.62741,0,0.77869,0,1,0,-0.77869,0,0.62741,0.53789,0,0.6968,0
0.61523,0,0.78835,0,1,0,-0.78835,0,0.61523,0.54736,0,0.69412,0
0.60287,0,0.79784,0,1,0,-0.79784,0,0.60287,0.55681,0,0.69128,0
0.59034,0,0.80715,0,1,0,-0.80715,0,0.59034,0.56623,0,0.68829,0
0.57764,0,0.81629,0,1,0,-0.81629,0,0.57764,0.57562,0,0.68515,0
0.56479,0,0.82524,0,1,0,-0.82524,0,0.56479,0.58497,0,0.68186,0
0.55177,0,0.83399,0,1,0,-0.83399,0,0.55177,0.59429,0,0.67842,0
0.53861,0,0.84255,0,1,0,-0.84255,0,0.53861,0.60356,0,0.67482,0
0.52531,0,0.85091,0,1,0,-0.85091,0,0.52531,0.61277,0,0.67108,0
0.51187,0,0.85906,0,1,0,-0.85906,0,0.51187,0.62194,0,0.66719,0
0.4983,0,0.86701,0,1,0,-0.86701,0,0.4983,0.63104,0,0.66316,0
0.4846,0,0.87473,0,1,0,-0.87473,0,0.4846,0.64007,0,0.65899,0
0.4708,0,0.88224,0,1,0,-0.88224,0,0.4708,0.64904,0,0.65468,0
0.45688,0,0.88953,0,1,0,-0.88953,0,0.45688,0.65794,0,0.65022,0
0.44286,0,0.89659,0,1,0,-0.89659,0,0.44286,0.66675,0,0.64564,0
0.42875,0,0.90342,0,1,0,-0.90342,0,0.42875,0.67549,0,0.64092,0
0.41455,0,0.91003,0,1,0,-0.91003,0,0.41455,0.68413,0,0.63607,0
0.40027,0,0.9164,0,1,0,-0.9164,0,0.40027,0.69269,0,0.63109,0
0.38592,0,0.92253,0,1,0,-0.92253,0,0.38592,0.70115,0,0.62599,0
0.37151,0,0.92843,0,1,0,-0.92843,0,0.37151,0.70952,0,0.62077,0
0.35704,0,0.93409,0,1,0,-0.93409,0,0.35704,0.71778,0,0.61543,0
0.34252,0,0.93951,0,1,0,-0.93951,0,0.34252,0.72593,0,0.60998,0
0.32796,0,0.94469,0,1,0,-0.94469,0,0.32796,0.73398,0,0.60442,0
0.31337,0,0.94963,0,1,0,-0.94963,0,0.31337,0.74192,0,0.59875,0
0.29876,0,0.95433,0,1,0,-0.95433,0,0.29876,0.74974,0,0.59298,0
0.28413,0,0.95879,0,1,0,-0.95879,0,0.28413,0.75745,0,0.58712,0
0.26949,0,0.963,0,1,0,-0.963,0,0.26949,0.76503,0,0.58116,0
0.25485,0,0.96698,0,1,0,-0.96698,0,0.25485,0.77249,0,0.57511,0
0.24021,0,0.97072,0,1,0,-0.97072,0,0.24021,0.77983,0,0.56898,0
0.22559,0,0.97422,0,1,0,-0.97422,0,0.22559,0.78704,0,0.56276,0
0.211,0,0.97749,0,1,0,-0.97749,0,0.211,0.79412,0,0.55647,0
0.19643,0,0.98052,0,1,0,-0.98052,0,0.19643,0.80106,0,0.55011,0
0.18191,0,0.98332,0,1,0,-0.98332,0,0.18191,0.80788,0,0.54369,0
0.16742,0,0.98589,0,1,0,-0.98589,0,0.16742,0.81456,0,0.5372,0
0.15299,0,0.98823,0,1,0,-0.98823,0,0.15299,0.8211,0,0.53065,0
0.13863,0,0.99034,0,1,0,-0.99034,0,0.13863,0.82751,0,0.52406,0
0.12432,0,0.99224,0,1,0,-0.99224,0,0.12432,0.83377,0,0.51741,0
0.1101,0,0.99392,0,1,0,-0.99392,0,0.1101,0.8399,0,0.51072,0
0.09595,0,0.99539,0,1,0,-0.99539,0,0.09595,0.84589,0,0.504,0
0.081891,0,0.99664,0,1,0,-0.99664,0,0.081891,0.85174,0,0.49724,0
0.067927,0,0.99769,0,1,0,-0.99769,0,0.067927,0.85745,0,0.49046,0
0.054064,0,0.99854,0,1,0,-0.99854,0,0.054064,0.86301,0,0.48365,0
0.040308,0,0.99919,0,1,0,-0.99919,0,0.040308,0.86844,0,0.47683,0
0.026666,0,0.99964,0,1,0,-0.99964,0,0.026666,0.87372,0,0.46999,0
0.013143,0,0.99991,0,1,0,-0.99991,0,0.013143,0.87886,0,0.46314,0
-0.0002558,0,1,0,1,0,-1,0,-0.0002558,0.88387,0,0.45629,0
-0.013524,0,0.99991,0,1,0,-0.99991,0,-0.013524,0.88873,0,0.44944,0
-0.026656,0,0.99964,0,1,0,-0.99964,0,-0.026656,0.89345,0,0.4426,0
-0.039647,0,0.99921,0,1,0,-0.99921,0,-0.039647,0.89804,0,0.43576,0
-0.052492,0,0.99862,0,1,0,-0.99862,0,-0.052492,0.90249,0,0.42895,0
-0.065186,0,0.99787,0,1,0,-0.99787,0,-0.065186,0.9068,0,0.42215,0
-0.077725,0,0.99697,0,1,0,-0.99697,0,-0.077725,0.91098,0,0.41538,0
-0.090105,0,0.99593,0,1,0,-0.99593,0,-0.090105,0.91503,0,0.40863,0
-0.10232,0,0.99475,0,1,0,-0.99475,0,-0.10232,0.91894,0,0.40192,0
-0.11437,0,0.99344,0,1,0,-0.99344,0,-0.11437,0.92273,0,0.39524,0
-0.12625,0,0.992,0,1,0,-0.992,0,-0.12625,0.92638,0,0.38861,0
-0.13795,0,0.99044,0,1,0,-0.99044,0,-0.13795,0.92991,0,0.38202,0
-0.14947,0,0.98877,0,1,0,-0.98877,0,-0.14947,0.93332,0,0.37548,0
-0.16082,0,0.98698,0,1,0,-0.98698,0,-0.16082,0.9366,0,0.369,0
-0.17198,0,0.9851,0,1,0,-0.9851,0,-0.17198,0.93977,0,0.36257,0
-0.18295,0,0.98312,0,1,0,-0.98312,0,-0.18295,0.94281,0,0.3562,0
-0.19373,0,0.98105,0,1,0,-0.98105,0,-0.19373,0.94574,0,0.34989,0
-0.20432,0,0.9789,0,1,0,-0.9789,0,-0.20432,0.94855,0,0.34366,0
-0.21472,0,0.97668,0,1,0,-0.97668,0,-0.21472,0.95126,0,0.33749,0
-0.22492,0,0.97438,0,1,0,-0.97438,0,-0.22492,0.95385,0,0.3314,0
-0.23493,0,0.97201,0,1,0,-0.97201,0,-0.23493,0.95634,0,0.32538,0
-0.24474,0,0.96959,0,1,0,-0.96959,0,-0.24474,0.95873,0,0.31945,0
-0.25435,0,0.96711,0,1,0,-0.96711,0,-0.25435,0.96101,0,0.3136,0
-0.26375,0,0.96459,0,1,0,-0.96459,0,-0.26375,0.9632,0,0.30783,0
-0.27296,0,0.96203,0,1,0,-0.96203,0,-0.27296,0.96529,0,0.30215,0
-0.28196,0,0.95943,0,1,0,-0.95943,0,-0.28196,0.96728,0,0.29657,0
-0.29076,0,0.95679,0,1,0,-0.95679,0,-0.29076,0.96919,0,0.29107,0
-0.29936,0,0.95414,0,1,0,-0.95414,0,-0.29936,0.97101,0,0.28567,0
-0.30775,0,0.95147,0,1,0,-0.95147,0,-0.30775,0.97274,0,0.28037,0
-0.31594,0,0.94878,0,1,0,-0.94878,0,-0.31594,0.97439,0,0.27517,0
-0.32393,0,0.94608,0,1,0,-0.94608,0,-0.32393,0.97596,0,0.27007,0
-0.33171,0,0.94338,0,1,0,-0.94338,0,-0.33171,0.97745,0,0.26507,0
-0.33929,0,0.94068,0,1,0,-0.94068,0,-0.33929,0.97887,0,0.26018,0
-0.34667,0,0.93799,0,1,0,-0.93799,0,-0.34667,0.98022,0,0.25539,0
-0.35384,0,0.9353,0,1,0,-0.9353,0,-0.35384,0.9815,0,0.25072,0
-0.36082,0,0.93264,0,1,0,-0.93264,0,-0.36082,0.98271,0,0.24615,0
-0.36759,0,0.92999,0,1,0,-0.92999,0,-0.36759,0.98385,0,0.24169,0
-0.37417,0,0.92736,0,1,0,-0.92736,0,-0.37417,0.98494,0,0.23734,0
-0.38054,0,0.92476,0,1,0,-0.92476,0,-0.38054,0.98596,0,0.2331,0
-0.38672,0,0.9222,0,1,0,-0.9222,0,-0.38672,0.98693,0,0.22898,0
-0.39271,0,0.91966,0,1,0,-0.91966,0,-0.39271,0.98784,0,0.22496,0
-0.3985,0,0.91717,0,1,0,-0.91717,0,-0.3985,0.98871,0,0.22107,0
-0.4041,0,0.91472,0,1,0,-0.91472,0,-0.4041,0.98952,0,0.21728,0
-0.40951,0,0.91231,0,1,0,-0.91231,0,-0.40951,0.99028,0,0.21361,0
-0.41473,0,0.90995,0,1,0,-0.90995,0,-0.41473,0.991,0,0.21006,0
-0.41976,0,0.90764,0,1,0,-0.90764,0,-0.41976,0.99168,0,0.20662,0
-0.4246,0,0.90538,0,1,0,-0.90538,0,-0.4246,0.99231,0,0.20329,0
-0.42927,0,0.90318,0,1,0,-0.90318,0,-0.42927,0.99291,0,0.20008,0
-0.43375,0,0.90103,0,1,0,-0.90103,0,-0.43375,0.99346,0,0.19699,0
-0.43806,0,0.89895,0,1,0,-0.89895,0,-0.43806,0.99399,0,0.194,0
-0.44219,0,0.89692,0,1,0,-0.89692,0,-0.44219,0.99447,0,0.19113,0
-0.44614,0,0.89496,0,1,0,-0.89496,0,-0.44614,0.99493,0,0.18838,0
-0.44992,0,0.89307,0,1,0,-0.89307,0,-0.44992,0.99536,0,0.18573,0
-0.45354,0,0.89124,0,1,0,-0.89124,0,-0.45354,0.99576,0,0.1832,0
-0.45699,0,0.88947,0,1,0,-0.88947,0,-0.45699,0.99613,0,0.18077,0
-0.46027,0,0.88778,0,1,0,-0.88778,0,-0.46027,0.99647,0,0.17846,0
-0.4634,0,0.88615,0,1,0,-0.88615,0,-0.4634,0.99679,0,0.17625,0
-0.46636,0,0.88459,0,1,0,-0.88459,0,-0.46636,0.99709,0,0.17415,0
-0.46918,0,0.88311,0,1,0,-0.88311,0,-0.46918,0.99737,0,0.17215,0
-0.47184,0,0.88169,0,1,0,-0.88169,0,-0.47184,0.99762,0,0.17026,0
-0.47435,0,0.88034,0,1,0,-0.88034,0,-0.47435,0.99786,0,0.16847,0
-0.47671,0,0.87906,0,1,0,-0.87906,0,-0.47671,0.99808,0,0.16679,0
-0.47894,0,0.87785,0,1,0,-0.87785,0,-0.47894,0.99828,0,0.16519,0
-0.48102,0,0.87671,0,1,0,-0.87671,0,-0.48102,0.99846,0,0.1637,0
-0.48297,0,0.87563,0,1,0,-0.87563,0,-0.48297,0.99863,0,0.1623,0
-0.48479,0,0.87463,0,1,0,-0.87463,0,-0.48479,0.99879,0,0.161,0
-0.48648,0,0.87369,0,1,0,-0.87369,0,-0.48648,0.99893,0,0.15978,0
-0.48805,0,0.87282,0,1,0,-0.87282,0,-0.48805,0.99907,0,0.15865,0
-0.48949,0,0.87201,0,1,0,-0.87201,0,-0.48949,0.99918,0,0.15761,0
-0.49082,0,0.87126,0,1,0,-0.87126,0,-0.49082,0.99929,0,0.15665,0
-0.49204,0,0.87057,0,1,0,-0.87057,0,-0.49204,0.99939,0,0.15577,0
-0.49315,0,0.86995,0,1,0,-0.86995,0,-0.49315,0.99948,0,0.15497,0
-0.49415,0,0.86938,0,1,0,-0.86938,0,-0.49415,0.99956,0,0.15424,0
-0.49506,0,0.86886,0,1,0,-0.86886,0,-0.49506,0.99963,0,0.15359,0
-0.49586,0,0.8684,0,1,0,-0.8684,0,-0.49586,0.99969,0,0.153,0
-0.49658,0,0.86799,0,1,0,-0.86799,0,-0.49658,0.99974,0,0.15248,0
-0.49722,0,0.86763,0,1,0,-0.86763,0,-0.49722,0.99979,0,0.15202,0
-0.49777,0,0.86731,0,1,0,-0.86731,0,-0.49777,0.99983,0,0.15162,0
-0.49824,0,0.86704,0,1,0,-0.86704,0,-0.49824,0.99987,0,0.15128,0
-0.49864,0,0.86681,0,1,0,-0.86681,0,-0.49864,0.9999,0,0.15099,0
-0.49898,0,0.86661,0,1,0,-0.86661,0,-0.49898,0.99992,0,0.15074,0
-0.49926,0,0.86645,0,1,0,-0.86645,0,-0.49926,0.99995,0,0.15054,0
-0.49948,0,0.86632,0,1,0,-0.86632,0,-0.49948,0.99996,0,0.15038,0
-0.49966,0,0.86622,0,1,0,-0.86622,0,-0.49966,0.99997,0,0.15025,0
-0.49979,0,0.86615,0,1,0,-0.86615,0,-0.49979,0.99998,0,0.15016,0
-0.49988,0,0.8661,0,1,0,-0.8661,0,-0.49988,0.99999,0,0.15009,0
-0.49994,0,0.86606,0,1,0,-0.86606,0,-0.49994,1,0,0.15004,0
-0.49998,0,0.86604,0,1,0,-0.86604,0,-0.49998,1,0,0.15002,0
-0.49999,0,0.86603,0,1,0,-0.86603,0,-0.49999,1,0,0.15,0
-0.5,0,0.86603,0,1,0,-0.86603,0,-0.5,1,0,0.15,0
-0.5,0,0.86603,0,1,0,-0.86603,0,-0.5,1,0,0.15,0
-0.5,0,0.86603,0,1,0,-0.86603,0,-0.5,1,0,0.15,0
-0.5,0,0.86603,0,1,0,-0.86603,0,-0.5,1,0,0.14999,0
-0.5,0,0.86603,0,1,0,-0.86603,0,-0.5,1,0,0.14997,0
-0.5,0,0.86603,0,1,0,-0.86603,0,-0.5,1,0,0.14992,0
-0.5,0,0.86603,0,1,0,-0.86603,0,-0.5,1,0,0.14985,0
-0.5,0,0.86603,0,1,0,-0.86603,0,-0.5,1,0,0.14975,0
-0.5,0,0.86603,0,1,0,-0.86603,0,-0.5,1,0,0.14961,0
-0.5,0,0.86603,0,1,0,-0.86603,0,-0.5,1,0,0.14943,0
-0.5,0,0.86603,0,1,0,-0.86603,0,-0.5,1,0,0.1492,0
-0.5,0,0.86603,0,1,0,-0.86603,0,-0.5,1,0,0.14892,0
-0.5,0,0.86603,0,1,0,-0.86603,0,-0.5,1,0,0.14859,0
-0.5,0,0.86603,0,1,0,-0.86603,0,-0.5,1,0,0.1482,0
-0.5,0,0.86603,0,1,0,-0.86603,0,-0.5,1,0,0.14775,0
-0.5,0,0.86603,0,1,0,-0.86603,0,-0.5,1,0,0.14723,0
-0.5,0,0.86603,0,1,0,-0.86603,0,-0.5,1,0,0.14665,0
-0.5,0,0.86603,0,1,0,-0.86603,0,-0.5,1,0,0.146,0
-0.5,0,0.86603,0,1,0,-0.86603,0,-0.5,1,0,0.14529,0
-0.5,0,0.86603,0,1,0,-0.86603,0,-0.5,1,0,0.1445,0
-0.5,0,0.86603,0,1,0,-0.86603,0,-0.5,1,0,0.14364,0
-0.5,0,0.86603,0,1,0,-0.86603,0,-0.5,1,0,0.14271,0
-0.5,0,0.86603,0,1,0,-0.86603,0,-0.5,1,0,0.14171,0
-0.5,0,0.86603,0,1,0,-0.86603,0,-0.5,1,0,0.14063,0
-0.5,0,0.86603,0,1,0,-0.86603,0,-0.5,1,0,0.13949,0
-0.5,0,0.86603,0,1,0,-0.86603,0,-0.5,1,0,0.13827,0
-0.5,0,0.86603,0,1,0,-0.86603,0,-0.5,1,0,0.13698,0
-0.5,0,0.86603,0,1,0,-0.86603,0,-0.5,1,0,0.13562,0
-0.5,0,0.86603,0,1,0,-0.86603,0,-0.5,1,0,0.13419,0
-0.5,0,0.86603,0,1,0,-0.86603,0,-0.5,1,0,0.13269,0
-0.5,0,0.86603,0,1,0,-0.86603,0,-0.5,1,0,0.13112,0
-0.5,0,0.86603,0,1,0,-0.86603,0,-0.5,1,0,0.12949,0
-0.5,0,0.86603,0,1,0,-0.86603,0,-0.5,1,0,0.1278,0
-0.5,0,0.86603,0,1,0,-0.86603,0,-0.5,1,0,0.12604,0
-0.5,0,0.86603,0,1,0,-0.86603,0,-0.5,1,0,0.12423,0
-0.5,0,0.86603,0,1,0,-0.86603,0,-0.5,1,0,0.12236,0
-0.5,0,0.86603,0,1,0,-0.86603,0,-0.5,1,0,0.12043,0
-0.5,0,0.86603,0,1,0,-0.86603,0,-0.5,1,0,0.11846,0
-0.5,0,0.86603,0,1,0,-0.86603,0,-0.5,1,0,0.11643,0
-0.5,0,0.86603,0,1,0,-0.86603,0,-0.5,1,0,0.11437,0
-0.5,0,0.86603,0,1,0,-0.86603,0,-0.5,1,0,0.11225,0
-0.5,0,0.86603,0,1,0,-0.86603,0,-0.5,1,0,0.1101,0
-0.5,0,0.86603,0,1,0,-0.86603,0,-0.5,1,0,0.10792,0
-0.5,0,0.86603,0,1,0,-0.86603,0,-0.5,1,0,0.1057,0
-0.5,0,0.86603,0,1,0,-0.86603,0,-0.5,1,0,0.10345,0
-0.5,0,0.86603,0,1,0,-0.86603,0,-0.5,1,0,0.10118,0
-0.5,0,0.86603,0,1,0,-0.86603,0,-0.5,1,0,0.098882,0
-0.5,0,0.86603,0,1,0,-0.86603,0,-0.5,1,0,0.096568,0
-0.5,0,0.86603,0,1,0,-0.86603,0,-0.5,1,0,0.09424,0
-0.5,0,0.86603,0,1,0,-0.86603,0,-0.5,1,0,0.091901,0
-0.5,0,0.86603,0,1,0,-0.86603,0,-0.5,1,0,0.089555,0
-0.5,0,0.86603,0,1,0,-0.86603,0,-0.5,1,0,0.087206,0
-0.5,0,0.86603,0,1,0,-0.86603,0,-0.5,1,0,0.084858,0
-0.5,0,0.86603,0,1,0,-0.86603,0,-0.5,1,0,0.082513,0
-0.5,0,0.86603,0,1,0,-0.86603,0,-0.5,1,0,0.080177,0
-0.5,0,0.86603,0,1,0,-0.86603,0,-0.5,1,0,0.077852,0
-0.5,0,0.86603,0,1,0,-0.86603,0,-0.5,1,0,0.075543,0
-0.5,0,0.86603,0,1,0,-0.86603,0,-0.5,1,0,0.073253,0
-0.5,0,0.86603,0,1,0,-0.86603,0,-0.5,1,0,0.070985,0
-0.5,0,0.86603,0,1,0,-0.86603,0,-0.5,1,0,0.068744,0
-0.5,0,0.86603,0,1,0,-0.86603,0,-0.5,1,0,0.066533,0
-0.5,0,0.86603,0,1,0,-0.86603,0,-0.5,1,0,0.064356,0
-0.5,0,0.86603,0,1,0,-0.86603,0,-0.5,1,0,0.062215,0
-0.5,0,0.86603,0,1,0,-0.86603,0,-0.5,1,0,0.060113,0
-0.5,0,0.86603,0,1,0,-0.86603,0,-0.5,1,0,0.058055,0
-0.5,0,0.86603,0,1,0,-0.86603,0,-0.5,1,0,0.056043,0
-0.5,0,0.86603,0,1,0,-0.86603,0,-0.5,1,0,0.054081,0
-0.5,0,0.86603,0,1,0,-0.86603,0,-0.5,1,0,0.05217,0
-0.5,0,0.86603,0,1,0,-0.86603,0,-0.5,1,0,0.050313,0
-0.5,0,0.86603,0,1,0,-0.86603,0,-0.5,1,0,0.048514,0
-0.5,0,0.86603,0,1,0,-0.86603,0,-0.5,1,0,0.046774,0
-0.5,0,0.86603,0,1,0,-0.86603,0,-0.5,1,0,0.045096,0
-0.5,0,0.86603,0,1,0,-0.86603,0,-0.5,1,0,0.043481,0
-0.5,0,0.86603,0,1,0,-0.86603,0,-0.5,1,0,0.041932,0
-0.5,0,0.86603,0,1,0,-0.86603,0,-0.5,1,0,0.04045,0
-0.5,0,0.86603,0,1,0,-0.86603,0,-0.5,1,0,0.039037,0
-0.5,0,0.86603,0,1,0,-0.86603,0,-0.5,1,0,0.037693,0
-0.5,0,0.86603,0,1,0,-0.86603,0,-0.5,1,0,0.03642,0
-0.5,0,0.86603,0,1,0,-0.86603,0,-0.5,1,0,0.035219,0
-0.5,0,0.86603,0,1,0,-0.86603,0,-0.5,1,0,0.03409,0
-0.5,0,0.86603,0,1,0,-0.86603,0,-0.5,1,0,0.033033,0
-0.5,0,0.86603,0,1,0,-0.86603,0,-0.5,1,0,0.032049,0
-0.5,0,0.86603,0,1,0,-0.86603,0,-0.5,1,0,0.031137,0
-0.5,0,0.86603,0,1,0,-0.86603,0,-0.5,1,0,0.030297,0
-0.5,0,0.86603,0,1,0,-0.86603,0,-0.5,1,0,0.029528,0
-0.5,0,0.86603,0,1,0,-0.86603,0,-0.5,1,0,0.028829,0
-0.5,0,0.86603,0,1,0,-0.86603,0,-0.5,1,0,0.028198,0
-0.5,0,0.86603,0,1,0,-0.86603,0,-0.5,1,0,0.027634,0
-0.5,0,0.86603,0,1,0,-0.86603,0,-0.5,1,0,0.027135,0
-0.5,0,0.86603,0,1,0,-0.86603,0,-0.5,1,0,0.026699,0
-0.5,0,0.86603,0,1,0,-0.86603,0,-0.5,1,0,0.026323,0
-0.5,0,0.86603,0,1,0,-0.86603,0,-0.5,1,0,0.026003,0
-0.5,0,0.86603,0,1,0,-0.86603,0,-0.5,1,0,0.025737,0
-0.5,0,0.86603,0,1,0,-0.86603,0,-0.5,1,0,0.02552,0
-0.5,0,0.86603,0,1,0,-0.86603,0,-0.5,1,0,0.025349,0
-0.5,0,0.86603,0,1,0,-0.86603,0,-0.5,1,0,0.025219,0
-0.5,0,0.86603,0,1,0,-0.86603,0,-0.5,1,0,0.025126,0
-0.5,0,0.86603,0,1,0,-0.86603,0,-0.5,1,0,0.025063,0
-0.5,0,0.86603,0,1,0,-0.86603,0,-0.5,1,0,0.025025,0
-0.5,0,0.86603,0,1,0,-0.86603,0,-0.5,1,0,0.025007,0
-0.5,0,0.86603,0,1,0,-0.86603,0,-0.5,1,0,0.025001,0
-0.5,0,0.86603,0,1,0,-0.86603,0,-0.5,1,0,0.025,1
-0.5,0,0.86603,0,1,0,-0.86603,0,-0.5,1,0,0.025,1
-0.5,0,0.86603,0,1,0,-0.86603,0,-0.5,1,0,0.025,1
-0.5,0,0.86603,0,1,0,-0.86603,0,-0.5,1,0,0.025,1
-0.5,0,0.86603,0,1,0,-0.86603,0,-0.5,1,0,0.025,1
-0.5,0,0.86603,0,1,0,-0.86603,0,-0.5,1,0,0.025,1
-0.5,0,0.86603,0,1,0,-0.86603,0,-0.5,1,0,0.025,1
-0.5,0,0.86603,0,1,0,-0.86603,0,-0.5,1,0,0.025,1
-0.5,0,0.86603,0,1,0,-0.86603,0,-0.5,1,0,0.025,1
-0.5,0,0.86603,0,1,0,-0.86603,0,-0.5,1,0,0.025,1
-0.5,0,0.86603,0,1,0,-0.86603,0,-0.5,1,0,0.025,1
-0.5,0,0.86603,0,1,0,-0.86603,0,-0.5,1,0,0.025,1
-0.5,0,0.86603,0,1,0,-0.86603,0,-0.5,1,0,0.025,1
-0.5,0,0.86603,0,1,0,-0.86603,0,-0.5,1,0,0.025,1
-0.5,0,0.86603,0,1,0,-0.86603,0,-0.5,1,0,0.025,1
-0.5,0,0.86603,0,1,0,-0.86603,0,-0.5,1,0,0.025,1
-0.5,0,0.86603,0,1,0,-0.86603,0,-0.5,1,0,0.025,1
-0.5,0,0.86603,0,1,0,-0.86603,0,-0.5,1,0,0.025,1
-0.5,0,0.86603,0,1,0,-0.86603,0,-0.5,1,0,0.025,1
-0.5,0,0.86603,0,1,0,-0.86603,0,-0.5,1,0,0.025,1
-0.5,0,0.86603,0,1,0,-0.86603,0,-0.5,1,0,0.025,1
-0.5,0,0.86603,0,1,0,-0.86603,0,-0.5,1,0,0.025,1
-0.5,0,0.86603,0,1,0,-0.86603,0,-0.5,1,0,0.025,1
-0.5,0,0.86603,0,1,0,-0.86603,0,-0.5,1,0,0.025,1
-0.5,0,0.86603,0,1,0,-0.86603,0,-0.5,1,0,0.025,1
-0.5,0,0.86603,0,1,0,-0.86603,0,-0.5,1,0,0.025,1
-0.5,0,0.86603,0,1,0,-0.86603,0,-0.5,1,0,0.025,1
-0.5,0,0.86603,0,1,0,-0.86603,0,-0.5,1,0,0.025,1
-0.5,0,0.86603,0,1,0,-0.86603,0,-0.5,1,0,0.025,1
-0.5,0,0.86603,0,1,0,-0.86603,0,-0.5,1,0,0.025,1
-0.5,0,0.86603,0,1,0,-0.86603,0,-0.5,1,0,0.025,1
-0.5,0,0.86603,0,1,0,-0.86603,0,-0.5,1,0,0.025,1
-0.5,0,0.86603,0,1,0,-0.86603,0,-0.5,1,0,0.025,1
-0.5,0,0.86603,0,1,0,-0.86603,0,-0.5,1,0,0.025,1
-0.5,0,0.86603,0,1,0,-0.86603,0,-0.5,1,0,0.025,1
-0.5,0,0.86603,0,1,0,-0.86603,0,-0.5,1,0,0.025,1
-0.5,0,0.86603,0,1,0,-0.86603,0,-0.5,1,0,0.025,1
-0.5,0,0.86603,0,1,0,-0.86603,0,-0.5,1,0,0.025,1
-0.5,0,0.86603,0,1,0,-0.86603,0,-0.5,1,0,0.025,1
-0.5,0,0.86603,0,1,0,-0.86603,0,-0.5,1,0,0.025,1
-0.5,0,0.86603,0,1,0,-0.86603,0,-0.5,1,0,0.025,1
-0.5,0,0.86603,0,1,0,-0.86603,0,-0.5,1,0,0.025,1
-0.5,0,0.86603,0,1,0,-0.86603,0,-0.5,1,0,0.025,1
-0.5,0,0.86603,0,1,0,-0.86603,0,-0.5,1,0,0.025,1
-0.5,0,0.86603,0,1,0,-0.86603,0,-0.5,1,0,0.025,1
-0.5,0,0.86603,0,1,0,-0.86603,0,-0.5,1,0,0.025,1
-0.5,0,0.86603,0,1,0,-0.86603,0,-0.5,1,0,0.025,1
-0.5,0,0.86603,0,1,0,-0.86603,0,-0.5,1,0,0.025,1
-0.5,0,0.86603,0,1,0,-0.86603,0,-0.5,1,0,0.025,1
-0.5,0,0.86603,0,1,0,-0.86603,0,-0.5,1,0,0.025,1
-0.5,0,0.86603,0,1,0,-0.86603,0,-0.5,1,0,0.025,1
-0.5,0,0.86603,0,1,0,-0.86603,0,-0.5,1,0,0.025,1
-0.5,0,0.86603,0,1,0,-0.86603,0,-0.5,1,0,0.025,1
-0.5,0,0.86603,0,1,0,-0.86603,0,-0.5,1,0,0.025,1
-0.5,0,0.86603,0,1,0,-0.86603,0,-0.5,1,0,0.025,1
-0.5,0,0.86603,0,1,0,-0.86603,0,-0.5,1,0,0.025,1
-0.5,0,0.86603,0,1,0,-0.86603,0,-0.5,1,0,0.025,1
-0.5,0,0.86603,0,1,0,-0.86603,0,-0.5,1,0,0.025,1
-0.5,0,0.86603,0,1,0,-0.86603,0,-0.5,1,0,0.025,1
-0.5,0,0.86603,0,1,0,-0.86603,0,-0.5,1,0,0.025,1
-0.5,0,0.86603,0,1,0,-0.86603,0,-0.5,1,0,0.025,1
-0.5,0,0.86603,0,1,0,-0.86603,0,-0.5,1,0,0.025,1
-0.5,0,0.86603,0,1,0,-0.86603,0,-0.5,1,0,0.025,1
-0.5,0,0.86603,0,1,0,-0.86603,0,-0.5,1,0,0.025,1
-0.5,0,0.86603,0,1,0,-0.86603,0,-0.5,1,0,0.025,1
-0.5,0,0.86603,0,1,0,-0.86603,0,-0.5,1,0,0.025,1
-0.5,0,0.86603,0,1,0,-0.86603,0,-0.5,1,0,0.025,1
-0.5,0,0.86603,0,1,0,-0.86603,0,-0.5,1,0,0.025,1
-0.5,0,0.86603,0,1,0,-0.86603,0,-0.5,1,0,0.025,1
-0.5,0,0.86603,0,1,0,-0.86603,0,-0.5,1,0,0.025,1
-0.5,0,0.86603,0,1,0,-0.86603,0,-0.5,1,0,0.025,1
-0.5,0,0.86603,0,1,0,-0.86603,0,-0.5,1,0,0.025,1
-0.5,0,0.86603,0,1,0,-0.86603,0,-0.5,1,0,0.025,1
-0.5,0,0.86603,0,1,0,-0.86603,0,-0.5,1,0,0.025,1
-0.5,0,0.86603,0,1,0,-0.86603,0,-0.5,1,0,0.025,1
-0.5,0,0.86603,0,1,0,-0.86603,0,-0.5,1,0,0.025,1
-0.5,0,0.86603,0,1,0,-0.86603,0,-0.5,1,0,0.025,1
-0.5,0,0.86603,0,1,0,-0.86603,0,-0.5,1,0,0.025,1
-0.5,0,0.86603,0,1,0,-0.86603,0,-0.5,1,0,0.025,1
-0.5,0,0.86603,0,1,0,-0.86603,0,-0.5,1,0,0.025,1
-0.5,0,0.86603,0,1,0,-0.86603,0,-0.5,1,0,0.025,1
-0.5,0,0.86603,0,1,0,-0.86603,0,-0.5,1,0,0.025,1
-0.5,0,0.86603,0,1,0,-0.86603,0,-0.5,1,0,0.025,1
-0.5,0,0.86603,0,1,0,-0.86603,0,-0.5,1,0,0.025,1
-0.5,0,0.86603,0,1,0,-0.86603,0,-0.5,1,0,0.025,1
-0.5,0,0.86603,0,1,0,-0.86603,0,-0.5,1,0,0.025,1
-0.5,0,0.86603,0,1,0,-0.86603,0,-0.5,1,0,0.025,1
-0.5,0,0.86603,0,1,0,-0.86603,0,-0.5,1,0,0.025,1
-0.5,0,0.86603,0,1,0,-0.86603,0,-0.5,1,0,0.025,1
-0.5,0,0.86603,0,1,0,-0.86603,0,-0.5,1,0,0.025,1
-0.5,0,0.86603,0,1,0,-0.86603,0,-0.5,1,0,0.025,1
-0.5,0,0.86603,0,1,0,-0.86603,0,-0.5,1,0,0.025,1
-0.5,0,0.86603,0,1,0,-0.86603,0,-0.5,1,0,0.025,1
-0.5,0,0.86603,0,1,0,-0.86603,0,-0.5,1,0,0.025,1
-0.5,0,0.86603,0,1,0,-0.86603,0,-0.5,1,0,0.025,1
-0.5,0,0.86603,0,1,0,-0.86603,0,-0.5,1,0,0.025,1
-0.5,0,0.86603,0,1,0,-0.86603,0,-0.5,1,0,0.025,1
-0.5,0,0.86603,0,1,0,-0.86603,0,-0.5,1,0,0.025,1
-0.5,0,0.86603,0,1,0,-0.86603,0,-0.5,1,0,0.025,1
-0.5,0,0.86603,0,1,0,-0.86603,0,-0.5,1,0,0.025,1
-0.5,0,0.86603,0,1,0,-0.86603,0,-0.5,1,0,0.025,1
-0.5,0,0.86603,0,1,0,-0.86603,0,-0.5,1,0,0.025001,1
-0.5,0,0.86603,0,1,0,-0.86603,0,-0.5,1,0,0.02501,1
-0.5,0,0.86603,0,1,0,-0.86603,0,-0.5,1,0,0.025032,1
-0.5,0,0.86603,0,1,0,-0.86603,0,-0.5,1,0,0.025076,1
-0.5,0,0.86603,0,1,0,-0.86603,0,-0.5,1,0,0.025146,1
-0.5,0,0.86603,0,1,0,-0.86603,0,-0.5,1,0,0.025248,1
-0.5,0,0.86603,0,1,0,-0.86603,0,-0.5,1,0,0.025388,1
-0.5,0,0.86603,0,1,0,-0.86603,0,-0.5,1,0,0.02557,1
-0.5,0,0.86603,0,1,0,-0.86603,0,-0.5,1,0,0.025798,1
-0.5,0,0.86603,0,1,0,-0.86603,0,-0.5,1,0,0.026078,1
-0.5,0,0.86603,0,1,0,-0.86603,0,-0.5,1,0,0.026411,1
-0.5,0,0.86603,0,1,0,-0.86603,0,-0.5,1,0,0.026802,1
-0.5,0,0.86603,0,1,0,-0.86603,0,-0.5,1,0,0.027254,1
-0.5,0,0.86603,0,1,0,-0.86603,0,-0.5,1,0,0.027769,1
-0.5,0,0.86603,0,1,0,-0.86603,0,-0.5,1,0,0.028349,1
-0.5,0,0.86603,0,1,0,-0.86603,0,-0.5,1,0,0.028997,1
-0.5,0,0.86603,0,1,0,-0.86603,0,-0.5,1,0,0.029714,1
-0.5,0,0.86603,0,1,0,-0.86603,0,-0.5,1,0,0.0305,1
-0.5,0,0.86603,0,1,0,-0.86603,0,-0.5,1,0,0.031358,1
-0.5,0,0.86603,0,1,0,-0.86603,0,-0.5,1,0,0.032288,1
-0.5,0,0.86603,0,1,0,-0.86603,0,-0.5,1,0,0.03329,1
-0.5,0,0.86603,0,1,0,-0.86603,0,-0.5,1,0,0.034365,1
-0.5,0,0.86603,0,1,0,-0.86603,0,-0.5,1,0,0.035512,1
-0.5,0,0.86603,0,1,0,-0.86603,0,-0.5,1,0,0.036732,1
-0.5,0,0.86603,0,1,0,-0.86603,0,-0.5,1,0,0.038022,1
-0.5,0,0.86603,0,1,0,-0.86603,0,-0.5,1,0,0.039383,1
-0.5,0,0.86603,0,1,0,-0.86603,0,-0.5,1,0,0.040814,1
-0.5,0,0.86603,0,1,0,-0.86603,0,-0.5,1,0,0.042313,1
-0.5,0,0.86603,0,1,0,-0.86603,0,-0.5,1,0,0.043879,1
-0.5,0,0.86603,0,1,0,-0.86603,0,-0.5,1,0,0.04551,1
-0.5,0,0.86603,0,1,0,-0.86603,0,-0.5,1,0,0.047203,1
-0.5,0,0.86603,0,1,0,-0.86603,0,-0.5,1,0,0.048958,1
-0.5,0,0.86603,0,1,0,-0.86603,0,-0.5,1,0,0.050772,1
-0.5,0,0.86603,0,1,0,-0.86603,0,-0.5,1,0,0.052642,1
-0.5,0,0.86603,0,1,0,-0.86603,0,-0.5,1,0,0.054567,1
-0.5,0,0.86603,0,1,0,-0.86603,0,-0.5,1,0,0.056542,1
-0.5,0,0.86603,0,1,0,-0.86603,0,-0.5,1,0,0.058566,1
-0.5,0,0.86603,0,1,0,-0.86603,0,-0.5,1,0,0.060635,1
-0.5,0,0.86603,0,1,0,-0.86603,0,-0.5,1,0,0.062746,1
-0.5,0,0.86603,0,1,0,-0.86603,0,-0.5,1,0,0.064897,1
-0.5,0,0.86603,0,1,0,-0.86603,0,-0.5,1,0,0.067083,1
-0.5,0,0.86603,0,1,0,-0.86603,0,-0.5,1,0,0.069302,1
-0.5,0,0.86603,0,1,0,-0.86603,0,-0.5,1,0,0.07155,1
-0.5,0,0.86603,0,1,0,-0.86603,0,-0.5,1,0,0.073823,1
-0.5,0,0.86603,0,1,0,-0.86603,0,-0.5,1,0,0.076118,1
-0.5,0,0.86603,0,1,0,-0.86603,0,-0.5,1,0,0.078432,1
-0.5,0,0.86603,0,1,0,-0.86603,0,-0.5,1,0,0.08076,1
-0.5,0,0.86603,0,1,0,-0.86603,0,-0.5,1,0,0.083099,1
-0.5,0,0.86603,0,1,0,-0.86603,0,-0.5,1,0,0.085445,1
-0.5,0,0.86603,0,1,0,-0.86603,0,-0.5,1,0,0.087794,1
-0.5,0,0.86603,0,1,0,-0.86603,0,-0.5,1,0,0.090142,1
-0.5,0,0.86603,0,1,0,-0.86603,0,-0.5,1,0,0.092487,1
-0.5,0,0.86603,0,1,0,-0.86603,0,-0.5,1,0,0.094823,1
-0.5,0,0.86603,0,1,0,-0.86603,0,-0.5,1,0,0.097148,1
-0.5,0,0.86603,0,1,0,-0.86603,0,-0.5,1,0,0.099457,1
-0.5,0,0.86603,0,1,0,-0.86603,0,-0.5,1,0,0.10175,1
-0.5,0,0.86603,0,1,0,-0.86603,0,-0.5,1,0,0.10401,1
-0.5,0,0.86603,0,1,0,-0.86603,0,-0.5,1,0,0.10626,1
-0.5,0,0.86603,0,1,0,-0.86603,0,-0.5,1,0,0.10847,1
-0.5,0,0.86603,0,1,0,-0.86603,0,-0.5,1,0,0.11064,1
-0.5,0,0.86603,0,1,0,-0.86603,0,-0.5,1,0,0.11279,1
-0.5,0,0.86603,0,1,0,-0.86603,0,-0.5,1,0,0.11489,1
-0.5,0,0.86603,0,1,0,-0.86603,0,-0.5,1,0,0.11694,1
-0.5,0,0.86603,0,1,0,-0.86603,0,-0.5,1,0,0.11896,1
-0.5,0,0.86603,0,1,0,-0.86603,0,-0.5,1,0,0.12092,1
-0.5,0,0.86603,0,1,0,-0.86603,0,-0.5,1,0,0.12283,1
-0.5,0,0.86603,0,1,0,-0.86603,0,-0.5,1,0,0.12469,1
-0.5,0,0.86603,0,1,0,-0.86603,0,-0.5,1,0,0.12649,1
-0.5,0,0.86603,0,1,0,-0.86603,0,-0.5,1,0,0.12823,1
-0.5,0,0.86603,0,1,0,-0.86603,0,-0.5,1,0,0.1299,1
-0.5,0,0.86603,0,1,0,-0.86603,0,-0.5,1,0,0.13152,1
-0.5,0,0.86603,0,1,0,-0.86603,0,-0.5,1,0,0.13307,1
-0.5,0,0.86603,0,1,0,-0.86603,0,-0.5,1,0,0.13455,1
-0.5,0,0.86603,0,1,0,-0.86603,0,-0.5,1,0,0.13596,1
-0.5,0,0.86603,0,1,0,-0.86603,0,-0.5,1,0,0.13731,1
-0.5,0,0.86603,0,1,0,-0.86603,0,-0.5,1,0,0.13858,1
-0.5,0,0.86603,0,1,0,-0.86603,0,-0.5,1,0,0.13978,1
-0.5,0,0.86603,0,1,0,-0.86603,0,-0.5,1,0,0.14091,1
-0.5,0,0.86603,0,1,0,-0.86603,0,-0.5,1,0,0.14197,1
-0.5,0,0.86603,0,1,0,-0.86603,0,-0.5,1,0,0.14295,1
-0.5,0,0.86603,0,1,0,-0.86603,0,-0.5,1,0,0.14386,1
-0.5,0,0.86603,0,1,0,-0.86603,0,-0.5,1,0,0.1447,1
-0.5,0,0.86603,0,1,0,-0.86603,0,-0.5,1,0,0.14547,1
-0.5,0,0.86603,0,1,0,-0.86603,0,-0.5,1,0,0.14617,1
-0.5,0,0.86603,0,1,0,-0.86603,0,-0.5,1,0,0.1468,1
-0.5,0,0.86603,0,1,0,-0.86603,0,-0.5,1,0,0.14737,1
-0.5,0,0.86603,0,1,0,-0.86603,0,-0.5,1,0,0.14786,1
-0.5,0,0.86603,0,1,0,-0.86603,0,-0.5,1,0,0.1483,1
-0.5,0,0.86603,0,1,0,-0.86603,0,-0.5,1,0,0.14868,1
-0.5,0,0.86603,0,1,0,-0.86603,0,-0.5,1,0,0.149,1
-0.5,0,0.86603,0,1,0,-0.86603,0,-0.5,1,0,0.14926,1
-0.5,0,0.86603,0,1,0,-0.86603,0,-0.5,1,0,0.14948,1
-0.5,0,0.86603,0,1,0,-0.86603,0,-0.5,1,0,0.14965,1
-0.5,0,0.86603,0,1,0,-0.86603,0,-0.5,1,0,0.14978,1
-0.5,0,0.86603,0,1,0,-0.86603,0,-0.5,1,0,0.14987,1
-0.5,0,0.86603,0,1,0,-0.86603,0,-0.5,1,0,0.14994,1
-0.5,0,0.86603,0,1,0,-0.86603,0,-0.5,1,0,0.14997,1
-0.5,0,0.86603,0,1,0,-0.86603,0,-0.5,1,0,0.14999,1
-0.5,0,0.86603,0,1,0,-0.86603,0,-0.5,1,0,0.15,1
-0.5,0,0.86603,0,1,0,-0.86603,0,-0.5,1,0,0.15,1
-0.5,1.5589e-05,0.86603,7.7947e-06,1,-1.3501e-05,-0.86603,-8.4703e-22,-0.5,1,-1.5589e-05,0.15,1
-0.5,0.00012283,0.86603,6.1417e-05,1,-0.00010638,-0.86603,6.7763e-21,-0.5,1,-0.00012283,0.15,1
-0.5,0.00040827,0.86603,0.00020413,1,-0.00035357,-0.86603,0,-0.5,1,-0.00040827,0.15,1
-0.5,0.00095294,0.86603,0.00047647,1,-0.00082527,-0.86603,0,-0.5,1,-0.00095294,0.15,1
-0.5,0.0018325,0.86602,0.00091627,1,-0.001587,-0.86603,0,-0.5,1,-0.0018325,0.15,1
-0.5,0.0031175,0.86602,0.0015587,1,-0.0026998,-0.86603,2.1684e-19,-0.5,1,-0.0031175,0.15,1
-0.49999,0.004873,0.86602,0.0024365,0.99999,-0.0042202,-0.86603,0,-0.5,0.99999,-0.004873,0.15,1
-0.49999,0.0071595,0.866,0.0035798,0.99997,-0.0062003,-0.86603,-4.3368e-19,-0.5,0.99997,-0.0071595,0.15,1
-0.49997,0.010032,0.86598,0.0050161,0.99995,-0.0086881,-0.86603,0,-0.5,0.99995,-0.010032,0.15,1
-0.49995,0.013541,0.86595,0.0067707,0.99991,-0.011727,-0.86603,-8.6736e-19,-0.5,0.99991,-0.013541,0.15,1
-0.49992,0.017733,0.86589,0.0088666,0.99984,-0.015357,-0.86603,-8.6736e-19,-0.5,0.99984,-0.017733,0.15,1
-0.49987,0.022649,0.8658,0.011324,0.99974,-0.019614,-0.86603,0,-0.5,0.99974,-0.022649,0.15,1
-0.4998,0.028324,0.86568,0.014162,0.9996,-0.024529,-0.86603,0,-0.5,0.9996,-0.028324,0.15,1
-0.4997,0.034791,0.8655,0.017396,0.99939,-0.03013,-0.86603,0,-0.5,0.99939,-0.034791,0.15,1
-0.49956,0.042078,0.86526,0.021039,0.99911,-0.036441,-0.86603,-3.4694e-18,-0.5,0.99911,-0.042078,0.15,1
-0.49937,0.050207,0.86493,0.025104,0.99874,-0.043481,-0.86603,0,-0.5,0.99874,-0.050207,0.15,1
-0.49912,0.059198,0.86451,0.029599,0.99825,-0.051267,-0.86603,0,-0.5,0.99825,-0.059198,0.15,1
-0.49881,0.069064,0.86396,0.034532,0.99761,-0.059811,-0.86603,0,-0.5,0.99761,-0.069064,0.15,1
-0.4984,0.079816,0.86326,0.039908,0.99681,-0.069123,-0.86603,0,-0.5,0.99681,-0.079816,0.15,1
-0.4979,0.091458,0.8624,0.045729,0.99581,-0.079205,-0.86603,0,-0.5,0.99581,-0.091458,0.15,1
-0.49729,0.10399,0.86133,0.051996,0.99458,-0.09006,-0.86603,-6.9389e-18,-0.5,0.99458,-0.10399,0.15,1
-0.49654,0.11742,0.86004,0.058708,0.99308,-0.10168,-0.86603,0,-0.5,0.99308,-0.11742,0.15,1
-0.49564,0.13172,0.85848,0.065859,0.99129,-0.11407,-0.86603,0,-0.5,0.99129,-0.13172,0.15,1
-0.49458,0.14689,0.85663,0.073445,0.98915,-0.12721,-0.86603,0,-0.5,0.98915,-0.14689,0.15,1
-0.49332,0.16291,0.85446,0.081456,0.98664,-0.14109,-0.86603,0,-0.5,0.98664,-0.16291,0.15,1
-0.49185,0.17976,0.85192,0.089882,0.98371,-0.15568,-0.86603,0,-0.5,0.98371,-0.17976,0.15,1
-0.49016,0.19742,0.84898,0.09871,0.98032,-0.17097,-0.86603,-1.3878e-17,-0.5,0.98032,-0.19742,0.15,1
-0.48821,0.21585,0.84561,0.10793,0.97643,-0.18693,-0.86603,-1.3878e-17,-0.5,0.97643,-0.21585,0.15,1
-0.486,0.23502,0.84177,0.11751,0.97199,-0.20353,-0.86603,0,-0.5,0.97199,-0.23502,0.15,1
-0.48349,0.25489,0.83742,0.12744,0.96697,-0.22074,-0.86603,-1.3878e-17,-0.5,0.96697,-0.25489,0.15,1
-0.48066,0.27541,0.83253,0.13771,0.96133,-0.23851,-0.86603,0,-0.5,0.96133,-0.27541,0.15,1
-0.47751,0.29654,0.82707,0.14827,0.95502,-0.25681,-0.86603,2.7756e-17,-0.5,0.95502,-0.29654,0.15,1
-0.47401,0.31823,0.821,0.15912,0.94801,-0.2756,-0.86603,2.7756e-17,-0.5,0.94801,-0.31823,0.15,1
-0.47014,0.34042,0.8143,0.17021,0.94027,-0.29481,-0.86603,-2.7756e-17,-0.5,0.94027,-0.34042,0.15,1
-0.46588,0.36306,0.80693,0.18153,0.93177,-0.31442,-0.86603,2.7756e-17,-0.5,0.93177,-0.36306,0.15,1
-0.46123,0.38607,0.79888,0.19304,0.92247,-0.33435,-0.86603,2.7756e-17,-0.5,0.92247,-0.38607,0.15,1
-0.45618,0.4094,0.79012,0.2047,0.91235,-0.35455,-0.86603,0,-0.5,0.91235,-0.4094,0.15,1
-0.4507,0.43298,0.78064,0.21649,0.9014,-0.37497,-0.86603,2.7756e-17,-0.5,0.9014,-0.43298,0.15,1
-0.4448,0.45674,0.77041,0.22837,0.8896,-0.39555,-0.86603,0,-0.5,0.8896,-0.45674,0.15,1
-0.43847,0.48062,0.75944,0.24031,0.87693,-0.41623,-0.86603,-2.7756e-17,-0.5,0.87693,-0.48062,0.15,1
-0.4317,0.50453,0.74772,0.25226,0.8634,-0.43693,-0.86603,0,-0.5,0.8634,-0.50453,0.15,1
-0.4245,0.5284,0.73525,0.2642,0.849,-0.45761,-0.86603,0,-0.5,0.849,-0.5284,0.15,1
-0.41687,0.55217,0.72203,0.27608,0.83373,-0.47819,-0.86603,0,-0.5,0.83373,-0.55217,0.15,1
-0.40881,0.57576,0.70808,0.28788,0.81762,-0.49862,-0.86603,2.7756e-17,-0.5,0.81762,-0.57576,0.15,1
-0.40034,0.5991,0.69341,0.29955,0.80068,-0.51883,-0.86603,0,-0.5,0.80068,-0.5991,0.15,1
-0.39146,0.62212,0.67803,0.31106,0.78292,-0.53877,-0.86603,0,-0.5,0.78292,-0.62212,0.15,1
-0.3822,0.64475,0.66198,0.32238,0.76439,-0.55837,-0.86603,0,-0.5,0.76439,-0.64475,0.15,1
-0.37256,0.66694,0.64529,0.33347,0.74512,-0.57758,-0.86603,-5.5511e-17,-0.5,0.74512,-0.66694,0.15,1
-0.36257,0.68861,0.62798,0.3443,0.72513,-0.59635,-0.86603,0,-0.5,0.72513,-0.68861,0.15,1
-0.35225,0.70971,0.61011,0.35486,0.70449,-0.61463,-0.86603,0,-0.5,0.70449,-0.70971,0.15,1
-0.34162,0.73019,0.5917,0.3651,0.68324,-0.63237,-0.86603,0,-0.5,0.68324,-0.73019,0.15,1
-0.33072,0.75,0.57282,0.375,0.66144,-0.64952,-0.86603,0,-0.5,0.66144,-0.75,0.15,1
-0.31957,0.7691,0.55351,0.38455,0.63913,-0.66606,-0.86603,-5.5511e-17,-0.5,0.63913,-0.7691,0.15,1
-0.3082,0.78744,0.53381,0.39372,0.6164,-0.68194,-0.86603,5.5511e-17,-0.5,0.6164,-0.78744,0.15,1
-0.29664,0.80499,0.5138,0.40249,0.59329,-0.69714,-0.86603,-5.5511e-17,-0.5,0.59329,-0.80499,0.15,1
-0.28494,0.82173,0.49353,0.41086,0.56988,-0.71164,-0.86603,0,-0.5,0.56988,-0.82173,0.15,1
-0.27312,0.83763,0.47306,0.41881,0.54624,-0.72541,-0.86603,-5.5511e-17,-0.5,0.54624,-0.83763,0.15,1
-0.26122,0.85268,0.45244,0.42634,0.52244,-0.73844,-0.86603,0,-0.5,0.52244,-0.85268,0.15,1
-0.24927,0.86686,0.43176,0.43343,0.49855,-0.75072,-0.86603,-5.5511e-17,-0.5,0.49855,-0.86686,0.15,1
-0.23732,0.88018,0.41105,0.44009,0.47464,-0.76226,-0.86603,-5.5511e-17,-0.5,0.47464,-0.88018,0.15,1
-0.2254,0.89263,0.3904,0.44631,0.45079,-0.77304,-0.86603,0,-0.5,0.45079,-0.89263,0.15,1
-0.21353,0.90422,0.36985,0.45211,0.42707,-0.78308,-0.86603,0,-0.5,0.42707,-0.90422,0.15,1
-0.20177,0.91496,0.34948,0.45748,0.40354,-0.79238,-0.86603,-5.5511e-17,-0.5,0.40354,-0.91496,0.15,1
-0.19014,0.92487,0.32934,0.46243,0.38028,-0.80096,-0.86603,0,-0.5,0.38028,-0.92487,0.15,1
-0.17868,0.93397,0.30948,0.46698,0.35736,-0.80884,-0.86603,-5.5511e-17,-0.5,0.35736,-0.93397,0.15,1
-0.16742,0.94228,0.28997,0.47114,0.33483,-0.81604,-0.86603,0,-0.5,0.33483,-0.94228,0.15,1
-0.15638,0.94983,0.27086,0.47492,0.31276,-0.82258,-0.86603,-5.5511e-17,-0.5,0.31276,-0.94983,0.15,1
-0.1456,0.95666,0.25219,0.47833,0.2912,-0.82849,-0.86603,5.5511e-17,-0.5,0.2912,-0.95666,0.15,1
-0.13511,0.9628,0.23402,0.4814,0.27022,-0.83381,-0.86603,-1.1102e-16,-0.5,0.27022,-0.9628,0.15,1
-0.12493,0.96828,0.21638,0.48414,0.24986,-0.83856,-0.86603,-1.1102e-16,-0.5,0.24986,-0.96828,0.15,1
-0.11508,0.97315,0.19932,0.48658,0.23016,-0.84278,-0.86603,5.5511e-17,-0.5,0.23016,-0.97315,0.15,1
-0.10559,0.97745,0.18288,0.48872,0.21117,-0.8465,-0.86603,-5.5511e-17,-0.5,0.21117,-0.97745,0.15,1
-0.096467,0.98121,0.16708,0.49061,0.19293,-0.84975,-0.86603,5.5511e-17,-0.5,0.19293,-0.98121,0.15,1
-0.087738,0.98448,0.15197,0.49224,0.17548,-0.85259,-0.86603,-1.1102e-16,-0.5,0.17548,-0.98448,0.15,1
-0.079414,0.98731,0.13755,0.49365,0.15883,-0.85503,-0.86603,-5.5511e-17,-0.5,0.15883,-0.98731,0.15,1
-0.071508,0.98972,0.12386,0.49486,0.14302,-0.85712,-0.86603,-1.1102e-16,-0.5,0.14302,-0.98972,0.15,1
-0.06403,0.99177,0.1109,0.49588,0.12806,-0.85889,-0.86603,-5.5511e-17,-0.5,0.12806,-0.99177,0.15,1
-0.056988,0.99348,0.098707,0.49674,0.11398,-0.86038,-0.86603,0,-0.5,0.11398,-0.99348,0.15,1
-0.050388,0.99491,0.087274,0.49745,0.10078,-0.86162,-0.86603,0,-0.5,0.10078,-0.99491,0.15,1
-0.044232,0.99608,0.076612,0.49804,0.088464,-0.86263,-0.86603,0,-0.5,0.088464,-0.99608,0.15,1
-0.038522,0.99703,0.066723,0.49851,0.077045,-0.86345,-0.86603,0,-0.5,0.077045,-0.99703,0.15,1
-0.033258,0.99779,0.057604,0.49889,0.066515,-0.86411,-0.86603,-5.5511e-17,-0.5,0.066515,-0.99779,0.15,1
-0.028434,0.99838,0.04925,0.49919,0.056869,-0.86462,-0.86603,-1.1102e-16,-0.5,0.056869,-0.99838,0.15,1
-0.024047,0.99884,0.041651,0.49942,0.048095,-0.86502,-0.86603,-5.5511e-17,-0.5,0.048095,-0.99884,0.15,1
-0.020089,0.99919,0.034795,0.4996,0.040178,-0.86533,-0.86603,5.5511e-17,-0.5,0.040178,-0.99919,0.15,1
-0.016549,0.99945,0.028664,0.49973,0.033098,-0.86555,-0.86603,5.5511e-17,-0.5,0.033098,-0.99945,0.15,1
-0.013416,0.99964,0.023237,0.49982,0.026832,-0.86571,-0.86603,-5.5511e-17,-0.5,0.026832,-0.99964,0.15,1
-0.010675,0.99977,0.018489,0.49989,0.02135,-0.86583,-0.86603,-5.5511e-17,-0.5,0.02135,-0.99977,0.15,1
-0.0083095,0.99986,0.014392,0.49993,0.016619,-0.86591,-0.86603,-1.1102e-16,-0.5,0.016619,-0.99986,0.15,1
-0.0063009,0.99992,0.010914,0.49996,0.012602,-0.86596,-0.86603,-5.5511e-17,-0.5,0.012602,-0.99992,0.15,1
-0.0046281,0.99996,0.0080161,0.49998,0.0092562,-0.86599,-0.86603,-1.1102e-16,-0.5,0.0092562,-0.99996,0.15,1
-0.0032675,0.99998,0.0056595,0.49999,0.006535,-0.86601,-0.86603,-5.5511e-17,-0.5,0.006535,-0.99998,0.15,1
-0.0021933,0.99999,0.003799,0.5,0.0043867,-0.86602,-0.86603,-1.1102e-16,-0.5,0.0043867,-0.99999,0.15,1
