1.1102e-16,0,1,0,1,0,-1,0,1.1102e-16,0.5264,0,0.4905,0
1.1102e-16,0,1,0,1,0,-1,0,1.1102e-16,0.5264,0,0.4905,0
-1.5398e-06,0,1,0,1,0,-1,0,-1.5398e-06,0.5264,0,0.4905,0
-5.1706e-06,0,1,0,1,0,-1,0,-5.1706e-06,0.52641,0,0.4905,0
-1.2195e-05,0,1,0,1,0,-1,0,-1.2195e-05,0.52641,0,0.4905,0
-2.3697e-05,0,1,0,1,0,-1,0,-2.3697e-05,0.52643,0,0.49049,0
-4.0742e-05,0,1,0,1,0,-1,0,-4.0742e-05,0.52644,0,0.49049,0
-6.4369e-05,0,1,0,1,0,-1,0,-6.4369e-05,0.52647,0,0.49048,0
-9.5596e-05,0,1,0,1,0,-1,0,-9.5596e-05,0.5265,0,0.49046,0
-0.00013542,0,1,0,1,0,-1,0,-0.00013542,0.52654,0,0.49045,0
-0.00018481,0,1,0,1,0,-1,0,-0.00018481,0.5266,0,0.49043,0
-0.00024473,0,1,0,1,0,-1,0,-0.00024473,0.52666,0,0.4904,0
-0.00031609,0,1,0,1,0,-1,0,-0.00031609,0.52673,0,0.49038,0
-0.00039982,0,1,0,1,0,-1,0,-0.00039982,0.52682,0,0.49034,0
-0.00049679,0,1,0,1,0,-1,0,-0.00049679,0.52693,0,0.4903,0
-0.00060787,0,1,0,1,0,-1,0,-0.00060787,0.52704,0,0.49026,0
-0.00073391,0,1,0,1,0,-1,0,-0.00073391,0.52717,0,0.49021,0
-0.00087573,0,1,0,1,0,-1,0,-0.00087573,0.52732,0,0.49015,0
-0.0010341,0,1,0,1,0,-1,0,-0.0010341,0.52749,0,0.49009,0
-0.0012099,0,1,0,1,0,-1,0,-0.0012099,0.52768,0,0.49002,0
-0.0014038,0,1,0,1,0,-1,0,-0.0014038,0.52788,0,0.48994,0
-0.0016165,0,1,0,1,0,-1,0,-0.0016165,0.5281,0,0.48986,0
-0.0018489,0,1,0,1,0,-1,0,-0.0018489,0.52835,0,0.48976,0
-0.0021015,0,1,0,1,0,-1,0,-0.0021015,0.52862,0,0.48966,0
-0.0023751,0,1,0,1,0,-1,0,-0.0023751,0.5289,0,0.48955,0
-0.0026703,0,1,0,1,0,-1,0,-0.0026703,0.52921,0,0.48943,0
-0.0029878,0,1,0,1,0,-1,0,-0.0029878,0.52955,0,0.48931,0
-0.0033282,0,0.99999,0,1,0,-0.99999,0,-0.0033282,0.52991,0,0.48917,0
-0.0036921,0,0.99999,0,1,0,-0.99999,0,-0.0036921,0.53029,0,0.48902,0
-0.00408,0,0.99999,0,1,0,-0.99999,0,-0.00408,0.5307,0,0.48887,0
-0.0044926,0,0.99999,0,1,0,-0.99999,0,-0.0044926,0.53113,0,0.4887,0
-0.0049304,0,0.99999,0,1,0,-0.99999,0,-0.0049304,0.53159,0,0.48852,0
-0.0053939,0,0.99999,0,1,0,-0.99999,0,-0.0053939,0.53208,0,0.48834,0
-0.0058836,0,0.99998,0,1,0,-0.99998,0,-0.0058836,0.5326,0,0.48814,0
-0.0064,0,0.99998,0,1,0,-0.99998,0,-0.0064,0.53314,0,0.48793,0
-0.0069436,0,0.99998,0,1,0,-0.99998,0,-0.0069436,0.53371,0,0.48771,0
-0.0075148,0,0.99997,0,1,0,-0.99997,0,-0.0075148,0.53431,0,0.48748,0
-0.0081141,0,0.99997,0,1,0,-0.99997,0,-0.0081141,0.53494,0,0.48723,0
-0.0087419,0,0.99996,0,1,0,-0.99996,0,-0.0087419,0.5356,0,0.48698,0
-0.0093986,0,0.99996,0,1,0,-0.99996,0,-0.0093986,0.53629,0,0.48671,0
-0.010085,0,0.99995,0,1,0,-0.99995,0,-0.010085,0.53701,0,0.48643,0
-0.0108,0,0.99994,0,1,0,-0.99994,0,-0.0108,0.53776,0,0.48614,0
-0.011546,0,0.99993,0,1,0,-0.99993,0,-0.011546,0.53854,0,0.48583,0
-0.012322,0,0.99992,0,1,0,-0.99992,0,-0.012322,0.53936,0,0.48551,0
-0.013128,0,0.99991,0,1,0,-0.99991,0,-0.013128,0.5402,0,0.48518,0
-0.013965,0,0.9999,0,1,0,-0.9999,0,-0.013965,0.54108,0,0.48483,0
-0.014834,0,0.99989,0,1,0,-0.99989,0,-0.014834,0.54199,0,0.48447,0
-0.015734,0,0.99988,0,1,0,-0.99988,0,-0.015734,0.54294,0,0.4841,0
-0.016666,0,0.99986,0,1,0,-0.99986,0,-0.016666,0.54391,0,0.48371,0
-0.01763,0,0.99984,0,1,0,-0.99984,0,-0.01763,0.54492,0,0.48331,0
-0.018626,0,0.99983,0,1,0,-0.99983,0,-0.018626,0.54596,0,0.48289,0
-0.019654,0,0.99981,0,1,0,-0.99981,0,-0.019654,0.54704,0,0.48246,0
-0.020715,0,0.99979,0,1,0,-0.99979,0,-0.020715,0.54815,0,0.48202,0
-0.021808,0,0.99976,0,1,0,-0.99976,0,-0.021808,0.54929,0,0.48156,0
-0.022935,0,0.99974,0,1,0,-0.99974,0,-0.022935,0.55047,0,0.48108,0
-0.024094,0,0.99971,0,1,0,-0.99971,0,-0.024094,0.55168,0,0.48059,0
-0.025286,0,0.99968,0,1,0,-0.99968,0,-0.025286,0.55293,0,0.48009,0
-0.026512,0,0.99965,0,1,0,-0.99965,0,-0.026512,0.55421,0,0.47956,0
-0.027771,0,0.99961,0,1,0,-0.99961,0,-0.027771,0.55552,0,0.47903,0
-0.029063,0,0.99958,0,1,0,-0.99958,0,-0.029063,0.55687,0,0.47847,0
-0.030389,0,0.99954,0,1,0,-0.99954,0,-0.030389,0.55825,0,0.4779,0
-0.031749,0,0.9995,0,1,0,-0.9995,0,-0.031749,0.55966,0,0.47732,0
-0.033141,0,0.99945,0,1,0,-0.99945,0,-0.033141,0.56111,0,0.47671,0
-0.034568,0,0.9994,0,1,0,-0.9994,0,-0.034568,0.5626,0,0.47609,0
-0.036028,0,0.99935,0,1,0,-0.99935,0,-0.036028,0.56412,0,0.47546,0
-0.037521,0,0.9993,0,1,0,-0.9993,0,-0.037521,0.56567,0,0.4748,0
-0.039048,0,0.99924,0,1,0,-0.99924,0,-0.039048,0.56725,0,0.47413,0
-0.040609,0,0.99918,0,1,0,-0.99918,0,-0.040609,0.56887,0,0.47345,0
-0.042203,0,0.99911,0,1,0,-0.99911,0,-0.042203,0.57053,0,0.47274,0
-0.04383,0,0.99904,0,1,0,-0.99904,0,-0.04383,0.57222,0,0.47202,0
-0.045491,0,0.99896,0,1,0,-0.99896,0,-0.045491,0.57394,0,0.47128,0
-0.047184,0,0.99889,0,1,0,-0.99889,0,-0.047184,0.57569,0,0.47052,0
-0.048911,0,0.9988,0,1,0,-0.9988,0,-0.048911,0.57748,0,0.46974,0
-0.050671,0,0.99872,0,1,0,-0.99872,0,-0.050671,0.5793,0,0.46895,0
-0.052464,0,0.99862,0,1,0,-0.99862,0,-0.052464,0.58115,0,0.46814,0
-0.054289,0,0.99853,0,1,0,-0.99853,0,-0.054289,0.58303,0,0.46731,0
-0.056147,0,0.99842,0,1,0,-0.99842,0,-0.056147,0.58495,0,0.46646,0
-0.058037,0,0.99831,0,1,0,-0.99831,0,-0.058037,0.5869,0,0.46559,0
-0.05996,0,0.9982,0,1,0,-0.9982,0,-0.05996,0.58888,0,0.46471,0
-0.061914,0,0.99808,0,1,0,-0.99808,0,-0.061914,0.59089,0,0.4638,0
-0.0639,0,0.99796,0,1,0,-0.99796,0,-0.0639,0.59294,0,0.46288,0
-0.065918,0,0.99783,0,1,0,-0.99783,0,-0.065918,0.59501,0,0.46194,0
-0.067967,0,0.99769,0,1,0,-0.99769,0,-0.067967,0.59712,0,0.46097,0
-0.070048,0,0.99754,0,1,0,-0.99754,0,-0.070048,0.59925,0,0.45999,0
-0.072159,0,0.99739,0,1,0,-0.99739,0,-0.072159,0.60142,0,0.45899,0
-0.0743,0,0.99724,0,1,0,-0.99724,0,-0.0743,0.60361,0,0.45797,0
-0.076472,0,0.99707,0,1,0,-0.99707,0,-0.076472,0.60584,0,0.45693,0
-0.078674,0,0.9969,0,1,0,-0.9969,0,-0.078674,0.60809,0,0.45588,0
-0.080906,0,0.99672,0,1,0,-0.99672,0,-0.080906,0.61037,0,0.4548,0
-0.083167,0,0.99654,0,1,0,-0.99654,0,-0.083167,0.61268,0,0.4537,0
-0.085458,0,0.99634,0,1,0,-0.99634,0,-0.085458,0.61502,0,0.45258,0
-0.087777,0,0.99614,0,1,0,-0.99614,0,-0.087777,0.61738,0,0.45145,0
-0.090124,0,0.99593,0,1,0,-0.99593,0,-0.090124,0.61977,0,0.45029,0
-0.0925,0,0.99571,0,1,0,-0.99571,0,-0.0925,0.62219,0,0.44911,0
-0.094903,0,0.99549,0,1,0,-0.99549,0,-0.094903,0.62463,0,0.44792,0
-0.097334,0,0.99525,0,1,0,-0.99525,0,-0.097334,0.6271,0,0.4467,0
-0.099792,0,0.99501,0,1,0,-0.99501,0,-0.099792,0.62959,0,0.44546,0
-0.10228,0,0.99476,0,1,0,-0.99476,0,-0.10228,0.63211,0,0.44421,0
-0.10479,0,0.99449,0,1,0,-0.99449,0,-0.10479,0.63465,0,0.44293,0
-0.10732,0,0.99422,0,1,0,-0.99422,0,-0.10732,0.63722,0,0.44164,0
-0.10988,0,0.99394,0,1,0,-0.99394,0,-0.10988,0.63981,0,0.44032,0
-0.11247,0,0.99365,0,1,0,-0.99365,0,-0.11247,0.64242,0,0.43898,0
-0.11508,0,0.99336,0,1,0,-0.99336,0,-0.11508,0.64505,0,0.43763,0
-0.11772,0,0.99305,0,1,0,-0.99305,0,-0.11772,0.6477,0,0.43625,0
-0.12038,0,0.99273,0,1,0,-0.99273,0,-0.12038,0.65038,0,0.43486,0
-0.12306,0,0.9924,0,1,0,-0.9924,0,-0.12306,0.65308,0,0.43344,0
-0.12576,0,0.99206,0,1,0,-0.99206,0,-0.12576,0.65579,0,0.43201,0
-0.12849,0,0.99171,0,1,0,-0.99171,0,-0.12849,0.65853,0,0.43055,0
-0.13124,0,0.99135,0,1,0,-0.99135,0,-0.13124,0.66128,0,0.42907,0
-0.13401,0,0.99098,0,1,0,-0.99098,0,-0.13401,0.66405,0,0.42758,0
-0.1368,0,0.9906,0,1,0,-0.9906,0,-0.1368,0.66684,0,0.42607,0
-0.13961,0,0.99021,0,1,0,-0.99021,0,-0.13961,0.66965,0,0.42453,0
-0.14244,0,0.9898,0,1,0,-0.9898,0,-0.14244,0.67247,0,0.42298,0
-0.14529,0,0.98939,0,1,0,-0.98939,0,-0.14529,0.67531,0,0.4214,0
-0.14816,0,0.98896,0,1,0,-0.98896,0,-0.14816,0.67817,0,0.41981,0
-0.15105,0,0.98853,0,1,0,-0.98853,0,-0.15105,0.68104,0,0.4182,0
-0.15396,0,0.98808,0,1,0,-0.98808,0,-0.15396,0.68392,0,0.41657,0
-0.15688,0,0.98762,0,1,0,-0.98762,0,-0.15688,0.68682,0,0.41492,0
-0.15982,0,0.98715,0,1,0,-0.98715,0,-0.15982,0.68973,0,0.41325,0
-0.16277,0,0.98666,0,1,0,-0.98666,0,-0.16277,0.69265,0,0.41157,0
-0.16574,0,0.98617,0,1,0,-0.98617,0,-0.16574,0.69558,0,0.40986,0
-0.16873,0,0.98566,0,1,0,-0.98566,0,-0.16873,0.69853,0,0.40814,0
-0.17173,0,0.98514,0,1,0,-0.98514,0,-0.17173,0.70148,0,0.40639,0
-0.17474,0,0.98461,0,1,0,-0.98461,0,-0.17474,0.70445,0,0.40463,0
-0.17777,0,0.98407,0,1,0,-0.98407,0,-0.17777,0.70742,0,0.40286,0
-0.18081,0,0.98352,0,1,0,-0.98352,0,-0.18081,0.71041,0,0.40106,0
-0.18386,0,0.98295,0,1,0,-0.98295,0,-0.18386,0.7134,0,0.39925,0
-0.18693,0,0.98237,0,1,0,-0.98237,0,-0.18693,0.7164,0,0.39742,0
-0.19,0,0.98178,0,1,0,-0.98178,0,-0.19,0.7194,0,0.39557,0
-0.19309,0,0.98118,0,1,0,-0.98118,0,-0.19309,0.72241,0,0.3937,0
-0.19618,0,0.98057,0,1,0,-0.98057,0,-0.19618,0.72543,0,0.39182,0
-0.19929,0,0.97994,0,1,0,-0.97994,0,-0.19929,0.72845,0,0.38993,0
-0.2024,0,0.9793,0,1,0,-0.9793,0,-0.2024,0.73148,0,0.38801,0
-0.20552,0,0.97865,0,1,0,-0.97865,0,-0.20552,0.73451,0,0.38608,0
-0.20865,0,0.97799,0,1,0,-0.97799,0,-0.20865,0.73754,0,0.38414,0
-0.21178,0,0.97732,0,1,0,-0.97732,0,-0.21178,0.74058,0,0.38218,0
-0.21492,0,0.97663,0,1,0,-0.97663,0,-0.21492,0.74362,0,0.3802,0
-0.21807,0,0.97593,0,1,0,-0.97593,0,-0.21807,0.74666,0,0.37821,0
-0.22122,0,0.97522,0,1,0,-0.97522,0,-0.22122,0.74969,0,0.37621,0
-0.22438,0,0.9745,0,1,0,-0.9745,0,-0.22438,0.75273,0,0.37419,0
-0.22754,0,0.97377,0,1,0,-0.97377,0,-0.22754,0.75577,0,0.37216,0
-0.2307,0,0.97302,0,1,0,-0.97302,0,-0.2307,0.75881,0,0.37011,0
-0.23387,0,0.97227,0,1,0,-0.97227,0,-0.23387,0.76184,0,0.36806,0
-0.23704,0,0.9715,0,1,0,-0.9715,0,-0.23704,0.76488,0,0.36598,0
-0.24021,0,0.97072,0,1,0,-0.97072,0,-0.24021,0.76791,0,0.3639,0
-0.24337,0,0.96993,0,1,0,-0.96993,0,-0.24337,0.77093,0,0.3618,0
-0.24654,0,0.96913,0,1,0,-0.96913,0,-0.24654,0.77396,0,0.3597,0
-0.24971,0,0.96832,0,1,0,-0.96832,0,-0.24971,0.77697,0,0.35758,0
-0.25288,0,0.9675,0,1,0,-0.9675,0,-0.25288,0.77998,0,0.35545,0
-0.25605,0,0.96666,0,1,0,-0.96666,0,-0.25605,0.78299,0,0.35331,0
-0.25921,0,0.96582,0,1,0,-0.96582,0,-0.25921,0.78599,0,0.35116,0
-0.26238,0,0.96497,0,1,0,-0.96497,0,-0.26238,0.78898,0,0.349,0
-0.26553,0,0.9641,0,1,0,-0.9641,0,-0.26553,0.79197,0,0.34683,0
-0.26869,0,0.96323,0,1,0,-0.96323,0,-0.26869,0.79494,0,0.34465,0
-0.27184,0,0.96234,0,1,0,-0.96234,0,-0.27184,0.79791,0,0.34246,0
-0.27498,0,0.96145,0,1,0,-0.96145,0,-0.27498,0.80087,0,0.34026,0
-0.27812,0,0.96055,0,1,0,-0.96055,0,-0.27812,0.80382,0,0.33806,0
-0.28125,0,0.95963,0,1,0,-0.95963,0,-0.28125,0.80675,0,0.33585,0
-0.28438,0,0.95871,0,1,0,-0.95871,0,-0.28438,0.80968,0,0.33363,0
-0.2875,0,0.95778,0,1,0,-0.95778,0,-0.2875,0.81259,0,0.33141,0
-0.29061,0,0.95684,0,1,0,-0.95684,0,-0.29061,0.8155,0,0.32918,0
-0.29371,0,0.9559,0,1,0,-0.9559,0,-0.29371,0.81839,0,0.32695,0
-0.2968,0,0.95494,0,1,0,-0.95494,0,-0.2968,0.82127,0,0.32471,0
-0.29988,0,0.95398,0,1,0,-0.95398,0,-0.29988,0.82413,0,0.32247,0
-0.30295,0,0.95301,0,1,0,-0.95301,0,-0.30295,0.82698,0,0.32022,0
-0.30601,0,0.95203,0,1,0,-0.95203,0,-0.30601,0.82982,0,0.31797,0
-0.30906,0,0.95104,0,1,0,-0.95104,0,-0.30906,0.83264,0,0.31571,0
-0.3121,0,0.95005,0,1,0,-0.95005,0,-0.3121,0.83544,0,0.31346,0
-0.31512,0,0.94905,0,1,0,-0.94905,0,-0.31512,0.83823,0,0.3112,0
-0.31813,0,0.94805,0,1,0,-0.94805,0,-0.31813,0.84101,0,0.30894,0
-0.32113,0,0.94703,0,1,0,-0.94703,0,-0.32113,0.84376,0,0.30668,0
-0.32412,0,0.94602,0,1,0,-0.94602,0,-0.32412,0.8465,0,0.30442,0
-0.32709,0,0.94499,0,1,0,-0.94499,0,-0.32709,0.84922,0,0.30215,0
-0.33004,0,0.94397,0,1,0,-0.94397,0,-0.33004,0.85193,0,0.29989,0
-0.33298,0,0.94293,0,1,0,-0.94293,0,-0.33298,0.85461,0,0.29763,0
-0.3359,0,0.9419,0,1,0,-0.9419,0,-0.3359,0.85728,0,0.29538,0
-0.33881,0,0.94086,0,1,0,-0.94086,0,-0.33881,0.85993,0,0.29312,0
-0.34169,0,0.93981,0,1,0,-0.93981,0,-0.34169,0.86256,0,0.29087,0
-0.34456,0,0.93876,0,1,0,-0.93876,0,-0.34456,0.86516,0,0.28862,0
-0.34742,0,0.93771,0,1,0,-0.93771,0,-0.34742,0.86775,0,0.28637,0
-0.35025,0,0.93666,0,1,0,-0.93666,0,-0.35025,0.87032,0,0.28413,0
-0.35307,0,0.9356,0,1,0,-0.9356,0,-0.35307,0.87286,0,0.28189,0
-0.35586,0,0.93454,0,1,0,-0.93454,0,-0.35586,0.87539,0,0.27966,0
-0.35864,0,0.93348,0,1,0,-0.93348,0,-0.35864,0.87789,0,0.27744,0
-0.36139,0,0.93241,0,1,0,-0.93241,0,-0.36139,0.88037,0,0.27522,0
-0.36413,0,0.93135,0,1,0,-0.93135,0,-0.36413,0.88283,0,0.27301,0
-0.36684,0,0.93028,0,1,0,-0.93028,0,-0.36684,0.88527,0,0.2708,0
-0.36954,0,0.92922,0,1,0,-0.92922,0,-0.36954,0.88768,0,0.2686,0
-0.37221,0,0.92815,0,1,0,-0.92815,0,-0.37221,0.89007,0,0.26642,0
-0.37485,0,0.92708,0,1,0,-0.92708,0,-0.37485,0.89243,0,0.26424,0
-0.37748,0,0.92602,0,1,0,-0.92602,0,-0.37748,0.89478,0,0.26207,0
-0.38008,0,0.92495,0,1,0,-0.92495,0,-0.38008,0.89709,0,0.25991,0
-0.38266,0,0.92389,0,1,0,-0.92389,0,-0.38266,0.89939,0,0.25776,0
-0.38522,0,0.92283,0,1,0,-0.92283,0,-0.38522,0.90166,0,0.25562,0
-0.38775,0,0.92177,0,1,0,-0.92177,0,-0.38775,0.9039,0,0.25349,0
-0.39025,0,0.92071,0,1,0,-0.92071,0,-0.39025,0.90612,0,0.25138,0
-0.39273,0,0.91965,0,1,0,-0.91965,0,-0.39273,0.90832,0,0.24928,0
-0.39519,0,0.9186,0,1,0,-0.9186,0,-0.39519,0.91048,0,0.24719,0
-0.39762,0,0.91755,0,1,0,-0.91755,0,-0.39762,0.91263,0,0.24512,0
-0.40002,0,0.9165,0,1,0,-0.9165,0,-0.40002,0.91475,0,0.24305,0
-0.4024,0,0.91546,0,1,0,-0.91546,0,-0.4024,0.91684,0,0.24101,0
-0.40475,0,0.91443,0,1,0,-0.91443,0,-0.40475,0.9189,0,0.23898,0
-0.40708,0,0.91339,0,1,0,-0.91339,0,-0.40708,0.92094,0,0.23696,0
-0.40938,0,0.91237,0,1,0,-0.91237,0,-0.40938,0.92295,0,0.23496,0
-0.41165,0,0.91134,0,1,0,-0.91134,0,-0.41165,0.92494,0,0.23298,0
-0.41389,0,0.91033,0,1,0,-0.91033,0,-0.41389,0.9269,0,0.23102,0
-0.41611,0,0.90932,0,1,0,-0.90932,0,-0.41611,0.92883,0,0.22907,0
-0.41829,0,0.90831,0,1,0,-0.90831,0,-0.41829,0.93074,0,0.22714,0
-0.42045,0,0.90731,0,1,0,-0.90731,0,-0.42045,0.93261,0,0.22523,0
-0.42258,0,0.90632,0,1,0,-0.90632,0,-0.42258,0.93447,0,0.22333,0
-0.42469,0,0.90534,0,1,0,-0.90534,0,-0.42469,0.93629,0,0.22146,0
-0.42676,0,0.90437,0,1,0,-0.90437,0,-0.42676,0.93809,0,0.2196,0
-0.4288,0,0.9034,0,1,0,-0.9034,0,-0.4288,0.93985,0,0.21777,0
-0.43082,0,0.90244,0,1,0,-0.90244,0,-0.43082,0.9416,0,0.21596,0
-0.4328,0,0.90149,0,1,0,-0.90149,0,-0.4328,0.94331,0,0.21416,0
-0.43476,0,0.90055,0,1,0,-0.90055,0,-0.43476,0.945,0,0.21239,0
-0.43668,0,0.89961,0,1,0,-0.89961,0,-0.43668,0.94665,0,0.21064,0
-0.43858,0,0.89869,0,1,0,-0.89869,0,-0.43858,0.94828,0,0.20891,0
-0.44045,0,0.89778,0,1,0,-0.89778,0,-0.44045,0.94989,0,0.20721,0
-0.44228,0,0.89688,0,1,0,-0.89688,0,-0.44228,0.95146,0,0.20552,0
-0.44409,0,0.89598,0,1,0,-0.89598,0,-0.44409,0.95301,0,0.20386,0
-0.44586,0,0.8951,0,1,0,-0.8951,0,-0.44586,0.95453,0,0.20222,0
-0.44761,0,0.89423,0,1,0,-0.89423,0,-0.44761,0.95602,0,0.20061,0
-0.44932,0,0.89337,0,1,0,-0.89337,0,-0.44932,0.95748,0,0.19902,0
-0.451,0,0.89252,0,1,0,-0.89252,0,-0.451,0.95892,0,0.19746,0
-0.45266,0,0.89168,0,1,0,-0.89168,0,-0.45266,0.96033,0,0.19591,0
-0.45428,0,0.89086,0,1,0,-0.89086,0,-0.45428,0.96171,0,0.1944,0
-0.45587,0,0.89005,0,1,0,-0.89005,0,-0.45587,0.96306,0,0.19291,0
-0.45743,0,0.88925,0,1,0,-0.88925,0,-0.45743,0.96439,0,0.19144,0
-0.45896,0,0.88846,0,1,0,-0.88846,0,-0.45896,0.96568,0,0.19,0
-0.46046,0,0.88768,0,1,0,-0.88768,0,-0.46046,0.96695,0,0.18859,0
-0.46193,0,0.88692,0,1,0,-0.88692,0,-0.46193,0.9682,0,0.1872,0
-0.46336,0,0.88617,0,1,0,-0.88617,0,-0.46336,0.96941,0,0.18583,0
-0.46477,0,0.88543,0,1,0,-0.88543,0,-0.46477,0.9706,0,0.1845,0
-0.46614,0,0.88471,0,1,0,-0.88471,0,-0.46614,0.97176,0,0.18319,0
-0.46749,0,0.884,0,1,0,-0.884,0,-0.46749,0.9729,0,0.1819,0
-0.4688,0,0.8833,0,1,0,-0.8833,0,-0.4688,0.974,0,0.18065,0
-0.47008,0,0.88262,0,1,0,-0.88262,0,-0.47008,0.97508,0,0.17942,0
-0.47133,0,0.88195,0,1,0,-0.88195,0,-0.47133,0.97614,0,0.17822,0
-0.47256,0,0.8813,0,1,0,-0.8813,0,-0.47256,0.97716,0,0.17704,0
-0.47375,0,0.88066,0,1,0,-0.88066,0,-0.47375,0.97816,0,0.17589,0
-0.47491,0,0.88004,0,1,0,-0.88004,0,-0.47491,0.97914,0,0.17477,0
-0.47604,0,0.87943,0,1,0,-0.87943,0,-0.47604,0.98008,0,0.17368,0
-0.47714,0,0.87883,0,1,0,-0.87883,0,-0.47714,0.98101,0,0.17261,0
-0.47821,0,0.87825,0,1,0,-0.87825,0,-0.47821,0.9819,0,0.17157,0
-0.47925,0,0.87768,0,1,0,-0.87768,0,-0.47925,0.98277,0,0.17056,0
-0.48026,0,0.87713,0,1,0,-0.87713,0,-0.48026,0.98362,0,0.16957,0
-0.48124,0,0.87659,0,1,0,-0.87659,0,-0.48124,0.98444,0,0.16861,0
-0.48219,0,0.87607,0,1,0,-0.87607,0,-0.48219,0.98523,0,0.16768,0
-0.48311,0,0.87556,0,1,0,-0.87556,0,-0.48311,0.986,0,0.16678,0
-0.484,0,0.87507,0,1,0,-0.87507,0,-0.484,0.98674,0,0.1659,0
-0.48487,0,0.87459,0,1,0,-0.87459,0,-0.48487,0.98746,0,0.16506,0
-0.4857,0,0.87412,0,1,0,-0.87412,0,-0.4857,0.98816,0,0.16423,0
-0.48651,0,0.87367,0,1,0,-0.87367,0,-0.48651,0.98883,0,0.16344,0
-0.48729,0,0.87324,0,1,0,-0.87324,0,-0.48729,0.98948,0,0.16267,0
-0.48804,0,0.87282,0,1,0,-0.87282,0,-0.48804,0.9901,0,0.16193,0
-0.48877,0,0.87241,0,1,0,-0.87241,0,-0.48877,0.99071,0,0.16121,0
-0.48946,0,0.87202,0,1,0,-0.87202,0,-0.48946,0.99128,0,0.16052,0
-0.49013,0,0.87165,0,1,0,-0.87165,0,-0.49013,0.99184,0,0.15986,0
-0.49078,0,0.87129,0,1,0,-0.87129,0,-0.49078,0.99237,0,0.15922,0
-0.49139,0,0.87094,0,1,0,-0.87094,0,-0.49139,0.99289,0,0.15861,0
-0.49198,0,0.8706,0,1,0,-0.8706,0,-0.49198,0.99338,0,0.15802,0
-0.49255,0,0.87028,0,1,0,-0.87028,0,-0.49255,0.99384,0,0.15746,0
-0.49309,0,0.86998,0,1,0,-0.86998,0,-0.49309,0.99429,0,0.15692,0
-0.4936,0,0.86969,0,1,0,-0.86969,0,-0.4936,0.99472,0,0.15641,0
-0.4941,0,0.86941,0,1,0,-0.86941,0,-0.4941,0.99512,0,0.15592,0
-0.49456,0,0.86914,0,1,0,-0.86914,0,-0.49456,0.99551,0,0.15545,0
-0.495,0,0.86889,0,1,0,-0.86889,0,-0.495,0.99588,0,0.15501,0
-0.49542,0,0.86865,0,1,0,-0.86865,0,-0.49542,0.99622,0,0.15459,0
-0.49582,0,0.86842,0,1,0,-0.86842,0,-0.49582,0.99655,0,0.15419,0
-0.4962,0,0.86821,0,1,0,-0.86821,0,-0.4962,0.99686,0,0.15382,0
-0.49655,0,0.86801,0,1,0,-0.86801,0,-0.49655,0.99715,0,0.15347,0
-0.49688,0,0.86782,0,1,0,-0.86782,0,-0.49688,0.99743,0,0.15313,0
-0.49719,0,0.86764,0,1,0,-0.86764,0,-0.49719,0.99768,0,0.15282,0
-0.49748,0,0.86747,0,1,0,-0.86747,0,-0.49748,0.99792,0,0.15253,0
-0.49775,0,0.86732,0,1,0,-0.86732,0,-0.49775,0.99815,0,0.15226,0
-0.498,0,0.86718,0,1,0,-0.86718,0,-0.498,0.99835,0,0.15201,0
-0.49824,0,0.86704,0,1,0,-0.86704,0,-0.49824,0.99855,0,0.15177,0
-0.49845,0,0.86692,0,1,0,-0.86692,0,-0.49845,0.99872,0,0.15156,0
-0.49865,0,0.86681,0,1,0,-0.86681,0,-0.49865,0.99888,0,0.15136,0
-0.49883,0,0.8667,0,1,0,-0.8667,0,-0.49883,0.99903,0,0.15118,0
-0.49899,0,0.86661,0,1,0,-0.86661,0,-0.49899,0.99917,0,0.15101,0
-0.49914,0,0.86652,0,1,0,-0.86652,0,-0.49914,0.99929,0,0.15087,0
-0.49927,0,0.86644,0,1,0,-0.86644,0,-0.49927,0.9994,0,0.15073,0
-0.49939,0,0.86638,0,1,0,-0.86638,0,-0.49939,0.9995,0,0.15061,0
-0.4995,0,0.86631,0,1,0,-0.86631,0,-0.4995,0.99959,0,0.1505,0
-0.49959,0,0.86626,0,1,0,-0.86626,0,-0.49959,0.99966,0,0.15041,0
-0.49967,0,0.86621,0,1,0,-0.86621,0,-0.49967,0.99973,0,0.15033,0
-0.49974,0,0.86617,0,1,0,-0.86617,0,-0.49974,0.99979,0,0.15026,0
-0.4998,0,0.86614,0,1,0,-0.86614,0,-0.4998,0.99984,0,0.1502,0
-0.49985,0,0.86611,0,1,0,-0.86611,0,-0.49985,0.99988,0,0.15015,0
-0.49989,0,0.86609,0,1,0,-0.86609,0,-0.49989,0.99991,0,0.15011,0
-0.49992,0,0.86607,0,1,0,-0.86607,0,-0.49992,0.99994,0,0.15008,0
-0.49995,0,0.86605,0,1,0,-0.86605,0,-0.49995,0.99996,0,0.15005,0
-0.49997,0,0.86604,0,1,0,-0.86604,0,-0.49997,0.99997,0,0.15003,0
-0.49998,0,0.86604,0,1,0,-0.86604,0,-0.49998,0.99999,0,0.15002,0
-0.49999,0,0.86603,0,1,0,-0.86603,0,-0.49999,0.99999,0,0.15001,0
-0.5,0,0.86603,0,1,0,-0.86603,0,-0.5,1,0,0.15,0
-0.5,0,0.86603,0,1,0,-0.86603,0,-0.5,1,0,0.15,0
-0.5,0,0.86603,0,1,0,-0.86603,0,-0.5,1,0,0.15,0
-0.5,0,0.86603,0,1,0,-0.86603,0,-0.5,1,0,0.15,0
-0.5,0,0.86603,0,1,0,-0.86603,0,-0.5,1,0,0.15,0
-0.5,0,0.86603,0,1,0,-0.86603,0,-0.5,1,0,0.15,0
-0.5,0,0.86603,0,1,0,-0.86603,0,-0.5,1,0,0.15,0
-0.5,0,0.86603,0,1,0,-0.86603,0,-0.5,1,0,0.14999,0
-0.5,0,0.86603,0,1,0,-0.86603,0,-0.5,1,0,0.14998,0
-0.5,0,0.86603,0,1,0,-0.86603,0,-0.5,1,0,0.14997,0
-0.5,0,0.86603,0,1,0,-0.86603,0,-0.5,1,0,0.14995,0
-0.5,0,0.86603,0,1,0,-0.86603,0,-0.5,1,0,0.14992,0
-0.5,0,0.86603,0,1,0,-0.86603,0,-0.5,1,0,0.14989,0
-0.5,0,0.86603,0,1,0,-0.86603,0,-0.5,1,0,0.14985,0
-0.5,0,0.86603,0,1,0,-0.86603,0,-0.5,1,0,0.14981,0
-0.5,0,0.86603,0,1,0,-0.86603,0,-0.5,1,0,0.14975,0
-0.5,0,0.86603,0,1,0,-0.86603,0,-0.5,1,0,0.14969,0
-0.5,0,0.86603,0,1,0,-0.86603,0,-0.5,1,0,0.14961,0
-0.5,0,0.86603,0,1,0,-0.86603,0,-0.5,1,0,0.14953,0
-0.5,0,0.86603,0,1,0,-0.86603,0,-0.5,1,0,0.14943,0
-0.5,0,0.86603,0,1,0,-0.86603,0,-0.5,1,0,0.14932,0
-0.5,0,0.86603,0,1,0,-0.86603,0,-0.5,1,0,0.1492,0
-0.5,0,0.86603,0,1,0,-0.86603,0,-0.5,1,0,0.14907,0
-0.5,0,0.86603,0,1,0,-0.86603,0,-0.5,1,0,0.14893,0
-0.5,0,0.86603,0,1,0,-0.86603,0,-0.5,1,0,0.14877,0
-0.5,0,0.86603,0,1,0,-0.86603,0,-0.5,1,0,0.14859,0
-0.5,0,0.86603,0,1,0,-0.86603,0,-0.5,1,0,0.14841,0
-0.5,0,0.86603,0,1,0,-0.86603,0,-0.5,1,0,0.1482,0
-0.5,0,0.86603,0,1,0,-0.86603,0,-0.5,1,0,0.14799,0
-0.5,0,0.86603,0,1,0,-0.86603,0,-0.5,1,0,0.14775,0
-0.5,0,0.86603,0,1,0,-0.86603,0,-0.5,1,0,0.14751,0
-0.5,0,0.86603,0,1,0,-0.86603,0,-0.5,1,0,0.14724,0
-0.5,0,0.86603,0,1,0,-0.86603,0,-0.5,1,0,0.14696,0
-0.5,0,0.86603,0,1,0,-0.86603,0,-0.5,1,0,0.14666,0
-0.5,0,0.86603,0,1,0,-0.86603,0,-0.5,1,0,0.14635,0
-0.5,0,0.86603,0,1,0,-0.86603,0,-0.5,1,0,0.14602,0
-0.5,0,0.86603,0,1,0,-0.86603,0,-0.5,1,0,0.14567,0
-0.5,0,0.86603,0,1,0,-0.86603,0,-0.5,1,0,0.1453,0
-0.5,0,0.86603,0,1,0,-0.86603,0,-0.5,1,0,0.14492,0
-0.5,0,0.86603,0,1,0,-0.86603,0,-0.5,1,0,0.14452,0
-0.5,0,0.86603,0,1,0,-0.86603,0,-0.5,1,0,0.1441,0
-0.5,0,0.86603,0,1,0,-0.86603,0,-0.5,1,0,0.14366,0
-0.5,0,0.86603,0,1,0,-0.86603,0,-0.5,1,0,0.14321,0
-0.5,0,0.86603,0,1,0,-0.86603,0,-0.5,1,0,0.14274,0
-0.5,0,0.86603,0,1,0,-0.86603,0,-0.5,1,0,0.14225,0
-0.5,0,0.86603,0,1,0,-0.86603,0,-0.5,1,0,0.14174,0
-0.5,0,0.86603,0,1,0,-0.86603,0,-0.5,1,0,0.14121,0
-0.5,0,0.86603,0,1,0,-0.86603,0,-0.5,1,0,0.14067,0
-0.5,0,0.86603,0,1,0,-0.86603,0,-0.5,1,0,0.1401,0
-0.5,0,0.86603,0,1,0,-0.86603,0,-0.5,1,0,0.13952,0
-0.5,0,0.86603,0,1,0,-0.86603,0,-0.5,1,0,0.13892,0
-0.5,0,0.86603,0,1,0,-0.86603,0,-0.5,1,0,0.13831,0
-0.5,0,0.86603,0,1,0,-0.86603,0,-0.5,1,0,0.13767,0
-0.5,0,0.86603,0,1,0,-0.86603,0,-0.5,1,0,0.13702,0
-0.5,0,0.86603,0,1,0,-0.86603,0,-0.5,1,0,0.13635,0
-0.5,0,0.86603,0,1,0,-0.86603,0,-0.5,1,0,0.13566,0
-0.5,0,0.86603,0,1,0,-0.86603,0,-0.5,1,0,0.13496,0
-0.5,0,0.86603,0,1,0,-0.86603,0,-0.5,1,0,0.13424,0
-0.5,0,0.86603,0,1,0,-0.86603,0,-0.5,1,0,0.1335,0
-0.5,0,0.86603,0,1,0,-0.86603,0,-0.5,1,0,0.13274,0
-0.5,0,0.86603,0,1,0,-0.86603,0,-0.5,1,0,0.13197,0
-0.5,0,0.86603,0,1,0,-0.86603,0,-0.5,1,0,0.13118,0
-0.5,0,0.86603,0,1,0,-0.86603,0,-0.5,1,0,0.13037,0
-0.5,0,0.86603,0,1,0,-0.86603,0,-0.5,1,0,0.12955,0
-0.5,0,0.86603,0,1,0,-0.86603,0,-0.5,1,0,0.12872,0
-0.5,0,0.86603,0,1,0,-0.86603,0,-0.5,1,0,0.12786,0
-0.5,0,0.86603,0,1,0,-0.86603,0,-0.5,1,0,0.127,0
-0.5,0,0.86603,0,1,0,-0.86603,0,-0.5,1,0,0.12611,0
-0.5,0,0.86603,0,1,0,-0.86603,0,-0.5,1,0,0.12522,0
-0.5,0,0.86603,0,1,0,-0.86603,0,-0.5,1,0,0.1243,0
-0.5,0,0.86603,0,1,0,-0.86603,0,-0.5,1,0,0.12338,0
-0.5,0,0.86603,0,1,0,-0.86603,0,-0.5,1,0,0.12244,0
-0.5,0,0.86603,0,1,0,-0.86603,0,-0.5,1,0,0.12149,0
-0.5,0,0.86603,0,1,0,-0.86603,0,-0.5,1,0,0.12052,0
-0.5,0,0.86603,0,1,0,-0.86603,0,-0.5,1,0,0.11954,0
-0.5,0,0.86603,0,1,0,-0.86603,0,-0.5,1,0,0.11855,0
-0.5,0,0.86603,0,1,0,-0.86603,0,-0.5,1,0,0.11754,0
-0.5,0,0.86603,0,1,0,-0.86603,0,-0.5,1,0,0.11653,0
-0.5,0,0.86603,0,1,0,-0.86603,0,-0.5,1,0,0.1155,0
-0.5,0,0.86603,0,1,0,-0.86603,0,-0.5,1,0,0.11446,0
-0.5,0,0.86603,0,1,0,-0.86603,0,-0.5,1,0,0.11342,0
-0.5,0,0.86603,0,1,0,-0.86603,0,-0.5,1,0,0.11236,0
-0.5,0,0.86603,0,1,0,-0.86603,0,-0.5,1,0,0.11129,0
-0.5,0,0.86603,0,1,0,-0.86603,0,-0.5,1,0,0.11021,0
-0.5,0,0.86603,0,1,0,-0.86603,0,-0.5,1,0,0.10913,0
-0.5,0,0.86603,0,1,0,-0.86603,0,-0.5,1,0,0.10803,0
-0.5,0,0.86603,0,1,0,-0.86603,0,-0.5,1,0,0.10693,0
-0.5,0,0.86603,0,1,0,-0.86603,0,-0.5,1,0,0.10582,0
-0.5,0,0.86603,0,1,0,-0.86603,0,-0.5,1,0,0.1047,0
-0.5,0,0.86603,0,1,0,-0.86603,0,-0.5,1,0,0.10357,0
-0.5,0,0.86603,0,1,0,-0.86603,0,-0.5,1,0,0.10244,0
-0.5,0,0.86603,0,1,0,-0.86603,0,-0.5,1,0,0.1013,0
-0.5,0,0.86603,0,1,0,-0.86603,0,-0.5,1,0,0.10016,0
-0.5,0,0.86603,0,1,0,-0.86603,0,-0.5,1,0,0.099011,0
-0.5,0,0.86603,0,1,0,-0.86603,0,-0.5,1,0,0.097859,0
-0.5,0,0.86603,0,1,0,-0.86603,0,-0.5,1,0,0.096702,0
-0.5,0,0.86603,0,1,0,-0.86603,0,-0.5,1,0,0.095541,0
-0.5,0,0.86603,0,1,0,-0.86603,0,-0.5,1,0,0.094377,0
-0.5,0,0.86603,0,1,0,-0.86603,0,-0.5,1,0,0.093211,0
-0.5,0,0.86603,0,1,0,-0.86603,0,-0.5,1,0,0.092042,0
-0.5,0,0.86603,0,1,0,-0.86603,0,-0.5,1,0,0.090871,0
-0.5,0,0.86603,0,1,0,-0.86603,0,-0.5,1,0,0.089699,0
-0.5,0,0.86603,0,1,0,-0.86603,0,-0.5,1,0,0.088527,0
-0.5,0,0.86603,0,1,0,-0.86603,0,-0.5,1,0,0.087353,0
-0.5,0,0.86603,0,1,0,-0.86603,0,-0.5,1,0,0.08618,0
-0.5,0,0.86603,0,1,0,-0.86603,0,-0.5,1,0,0.085007,0
-0.5,0,0.86603,0,1,0,-0.86603,0,-0.5,1,0,0.083836,0
-0.5,0,0.86603,0,1,0,-0.86603,0,-0.5,1,0,0.082665,0
-0.5,0,0.86603,0,1,0,-0.86603,0,-0.5,1,0,0.081497,0
-0.5,0,0.86603,0,1,0,-0.86603,0,-0.5,1,0,0.080331,0
-0.5,0,0.86603,0,1,0,-0.86603,0,-0.5,1,0,0.079168,0
-0.5,0,0.86603,0,1,0,-0.86603,0,-0.5,1,0,0.078009,0
-0.5,0,0.86603,0,1,0,-0.86603,0,-0.5,1,0,0.076853,0
-0.5,0,0.86603,0,1,0,-0.86603,0,-0.5,1,0,0.075701,0
-0.5,0,0.86603,0,1,0,-0.86603,0,-0.5,1,0,0.074554,0
-0.5,0,0.86603,0,1,0,-0.86603,0,-0.5,1,0,0.073412,0
-0.5,0,0.86603,0,1,0,-0.86603,0,-0.5,1,0,0.072276,0
-0.5,0,0.86603,0,1,0,-0.86603,0,-0.5,1,0,0.071146,0
-0.5,0,0.86603,0,1,0,-0.86603,0,-0.5,1,0,0.070023,0
-0.5,0,0.86603,0,1,0,-0.86603,0,-0.5,1,0,0.068906,0
-0.5,0,0.86603,0,1,0,-0.86603,0,-0.5,1,0,0.067797,0
-0.5,0,0.86603,0,1,0,-0.86603,0,-0.5,1,0,0.066696,0
-0.5,0,0.86603,0,1,0,-0.86603,0,-0.5,1,0,0.065602,0
-0.5,0,0.86603,0,1,0,-0.86603,0,-0.5,1,0,0.064518,0
-0.5,0,0.86603,0,1,0,-0.86603,0,-0.5,1,0,0.063443,0
-0.5,0,0.86603,0,1,0,-0.86603,0,-0.5,1,0,0.062377,0
-0.5,0,0.86603,0,1,0,-0.86603,0,-0.5,1,0,0.061321,0
-0.5,0,0.86603,0,1,0,-0.86603,0,-0.5,1,0,0.060275,0
-0.5,0,0.86603,0,1,0,-0.86603,0,-0.5,1,0,0.05924,0
-0.5,0,0.86603,0,1,0,-0.86603,0,-0.5,1,0,0.058216,0
-0.5,0,0.86603,0,1,0,-0.86603,0,-0.5,1,0,0.057204,0
-0.5,0,0.86603,0,1,0,-0.86603,0,-0.5,1,0,0.056203,0
-0.5,0,0.86603,0,1,0,-0.86603,0,-0.5,1,0,0.055214,0
-0.5,0,0.86603,0,1,0,-0.86603,0,-0.5,1,0,0.054238,0
-0.5,0,0.86603,0,1,0,-0.86603,0,-0.5,1,0,0.053275,0
-0.5,0,0.86603,0,1,0,-0.86603,0,-0.5,1,0,0.052326,0
-0.5,0,0.86603,0,1,0,-0.86603,0,-0.5,1,0,0.051389,0
-0.5,0,0.86603,0,1,0,-0.86603,0,-0.5,1,0,0.050467,0
-0.5,0,0.86603,0,1,0,-0.86603,0,-0.5,1,0,0.049559,0
-0.5,0,0.86603,0,1,0,-0.86603,0,-0.5,1,0,0.048665,0
-0.5,0,0.86603,0,1,0,-0.86603,0,-0.5,1,0,0.047786,0
-0.5,0,0.86603,0,1,0,-0.86603,0,-0.5,1,0,0.046922,0
-0.5,0,0.86603,0,1,0,-0.86603,0,-0.5,1,0,0.046073,0
-0.5,0,0.86603,0,1,0,-0.86603,0,-0.5,1,0,0.04524,0
-0.5,0,0.86603,0,1,0,-0.86603,0,-0.5,1,0,0.044423,0
-0.5,0,0.86603,0,1,0,-0.86603,0,-0.5,1,0,0.043622,0
-0.5,0,0.86603,0,1,0,-0.86603,0,-0.5,1,0,0.042837,0
-0.5,0,0.86603,0,1,0,-0.86603,0,-0.5,1,0,0.042069,0
-0.5,0,0.86603,0,1,0,-0.86603,0,-0.5,1,0,0.041317,0
-0.5,0,0.86603,0,1,0,-0.86603,0,-0.5,1,0,0.040583,0
-0.5,0,0.86603,0,1,0,-0.86603,0,-0.5,1,0,0.039865,0
-0.5,0,0.86603,0,1,0,-0.86603,0,-0.5,1,0,0.039165,0
-0.5,0,0.86603,0,1,0,-0.86603,0,-0.5,1,0,0.038482,0
-0.5,0,0.86603,0,1,0,-0.86603,0,-0.5,1,0,0.037816,0
-0.5,0,0.86603,0,1,0,-0.86603,0,-0.5,1,0,0.037168,0
-0.5,0,0.86603,0,1,0,-0.86603,0,-0.5,1,0,0.036538,0
-0.5,0,0.86603,0,1,0,-0.86603,0,-0.5,1,0,0.035926,0
-0.5,0,0.86603,0,1,0,-0.86603,0,-0.5,1,0,0.035331,0
-0.5,0,0.86603,0,1,0,-0.86603,0,-0.5,1,0,0.034755,0
-0.5,0,0.86603,0,1,0,-0.86603,0,-0.5,1,0,0.034197,0
-0.5,0,0.86603,0,1,0,-0.86603,0,-0.5,1,0,0.033657,0
-0.5,0,0.86603,0,1,0,-0.86603,0,-0.5,1,0,0.033134,0
-0.5,0,0.86603,0,1,0,-0.86603,0,-0.5,1,0,0.03263,0
-0.5,0,0.86603,0,1,0,-0.86603,0,-0.5,1,0,0.032144,0
-0.5,0,0.86603,0,1,0,-0.86603,0,-0.5,1,0,0.031676,0
-0.5,0,0.86603,0,1,0,-0.86603,0,-0.5,1,0,0.031226,0
-0.5,0,0.86603,0,1,0,-0.86603,0,-0.5,1,0,0.030794,0
-0.5,0,0.86603,0,1,0,-0.86603,0,-0.5,1,0,0.03038,0
-0.5,0,0.86603,0,1,0,-0.86603,0,-0.5,1,0,0.029983,0
-0.5,0,0.86603,0,1,0,-0.86603,0,-0.5,1,0,0.029605,0
-0.5,0,0.86603,0,1,0,-0.86603,0,-0.5,1,0,0.029243,0
-0.5,0,0.86603,0,1,0,-0.86603,0,-0.5,1,0,0.028899,0
-0.5,0,0.86603,0,1,0,-0.86603,0,-0.5,1,0,0.028572,0
-0.5,0,0.86603,0,1,0,-0.86603,0,-0.5,1,0,0.028262,0
-0.5,0,0.86603,0,1,0,-0.86603,0,-0.5,1,0,0.027969,0
-0.5,0,0.86603,0,1,0,-0.86603,0,-0.5,1,0,0.027692,0
-0.5,0,0.86603,0,1,0,-0.86603,0,-0.5,1,0,0.027431,0
-0.5,0,0.86603,0,1,0,-0.86603,0,-0.5,1,0,0.027187,0
-0.5,0,0.86603,0,1,0,-0.86603,0,-0.5,1,0,0.026958,0
-0.5,0,0.86603,0,1,0,-0.86603,0,-0.5,1,0,0.026744,0
-0.5,0,0.86603,0,1,0,-0.86603,0,-0.5,1,0,0.026546,0
-0.5,0,0.86603,0,1,0,-0.86603,0,-0.5,1,0,0.026362,0
-0.5,0,0.86603,0,1,0,-0.86603,0,-0.5,1,0,0.026192,0
-0.5,0,0.86603,0,1,0,-0.86603,0,-0.5,1,0,0.026036,0
-0.5,0,0.86603,0,1,0,-0.86603,0,-0.5,1,0,0.025894,0
-0.5,0,0.86603,0,1,0,-0.86603,0,-0.5,1,0,0.025764,0
-0.5,0,0.86603,0,1,0,-0.86603,0,-0.5,1,0,0.025647,0
-0.5,0,0.86603,0,1,0,-0.86603,0,-0.5,1,0,0.025543,0
-0.5,0,0.86603,0,1,0,-0.86603,0,-0.5,1,0,0.025449,0
-0.5,0,0.86603,0,1,0,-0.86603,0,-0.5,1,0,0.025367,0
-0.5,0,0.86603,0,1,0,-0.86603,0,-0.5,1,0,0.025295,0
-0.5,0,0.86603,0,1,0,-0.86603,0,-0.5,1,0,0.025233,0
-0.5,0,0.86603,0,1,0,-0.86603,0,-0.5,1,0,0.025179,0
-0.5,0,0.86603,0,1,0,-0.86603,0,-0.5,1,0,0.025135,0
-0.5,0,0.86603,0,1,0,-0.86603,0,-0.5,1,0,0.025098,0
-0.5,0,0.86603,0,1,0,-0.86603,0,-0.5,1,0,0.025069,0
-0.5,0,0.86603,0,1,0,-0.86603,0,-0.5,1,0,0.025046,0
-0.5,0,0.86603,0,1,0,-0.86603,0,-0.5,1,0,0.025029,0
-0.5,0,0.86603,0,1,0,-0.86603,0,-0.5,1,0,0.025016,0
-0.5,0,0.86603,0,1,0,-0.86603,0,-0.5,1,0,0.025008,0
-0.5,0,0.86603,0,1,0,-0.86603,0,-0.5,1,0,0.025003,0
-0.5,0,0.86603,0,1,0,-0.86603,0,-0.5,1,0,0.025001,0
-0.5,0,0.86603,0,1,0,-0.86603,0,-0.5,1,0,0.025,0
-0.5,0,0.86603,0,1,0,-0.86603,0,-0.5,1,0,0.025,1
-0.5,0,0.86603,0,1,0,-0.86603,0,-0.5,1,0,0.025,1
-0.5,0,0.86603,0,1,0,-0.86603,0,-0.5,1,0,0.025,1
-0.5,0,0.86603,0,1,0,-0.86603,0,-0.5,1,0,0.025,1
-0.5,0,0.86603,0,1,0,-0.86603,0,-0.5,1,0,0.025,1
-0.5,0,0.86603,0,1,0,-0.86603,0,-0.5,1,0,0.025,1
-0.5,0,0.86603,0,1,0,-0.86603,0,-0.5,1,0,0.025,1
-0.5,0,0.86603,0,1,0,-0.86603,0,-0.5,1,0,0.025,1
-0.5,0,0.86603,0,1,0,-0.86603,0,-0.5,1,0,0.025,1
-0.5,0,0.86603,0,1,0,-0.86603,0,-0.5,1,0,0.025,1
-0.5,0,0.86603,0,1,0,-0.86603,0,-0.5,1,0,0.025,1
-0.5,0,0.86603,0,1,0,-0.86603,0,-0.5,1,0,0.025,1
-0.5,0,0.86603,0,1,0,-0.86603,0,-0.5,1,0,0.025,1
-0.5,0,0.86603,0,1,0,-0.86603,0,-0.5,1,0,0.025,1
-0.5,0,0.86603,0,1,0,-0.86603,0,-0.5,1,0,0.025,1
-0.5,0,0.86603,0,1,0,-0.86603,0,-0.5,1,0,0.025,1
-0.5,0,0.86603,0,1,0,-0.86603,0,-0.5,1,0,0.025,1
-0.5,0,0.86603,0,1,0,-0.86603,0,-0.5,1,0,0.025,1
-0.5,0,0.86603,0,1,0,-0.86603,0,-0.5,1,0,0.025,1
-0.5,0,0.86603,0,1,0,-0.86603,0,-0.5,1,0,0.025,1
-0.5,0,0.86603,0,1,0,-0.86603,0,-0.5,1,0,0.025,1
-0.5,0,0.86603,0,1,0,-0.86603,0,-0.5,1,0,0.025,1
-0.5,0,0.86603,0,1,0,-0.86603,0,-0.5,1,0,0.025,1
-0.5,0,0.86603,0,1,0,-0.86603,0,-0.5,1,0,0.025,1
-0.5,0,0.86603,0,1,0,-0.86603,0,-0.5,1,0,0.025,1
-0.5,0,0.86603,0,1,0,-0.86603,0,-0.5,1,0,0.025,1
-0.5,0,0.86603,0,1,0,-0.86603,0,-0.5,1,0,0.025,1
-0.5,0,0.86603,0,1,0,-0.86603,0,-0.5,1,0,0.025,1
-0.5,0,0.86603,0,1,0,-0.86603,0,-0.5,1,0,0.025,1
-0.5,0,0.86603,0,1,0,-0.86603,0,-0.5,1,0,0.025,1
-0.5,0,0.86603,0,1,0,-0.86603,0,-0.5,1,0,0.025,1
-0.5,0,0.86603,0,1,0,-0.86603,0,-0.5,1,0,0.025,1
-0.5,0,0.86603,0,1,0,-0.86603,0,-0.5,1,0,0.025,1
-0.5,0,0.86603,0,1,0,-0.86603,0,-0.5,1,0,0.025,1
-0.5,0,0.86603,0,1,0,-0.86603,0,-0.5,1,0,0.025,1
-0.5,0,0.86603,0,1,0,-0.86603,0,-0.5,1,0,0.025,1
-0.5,0,0.86603,0,1,0,-0.86603,0,-0.5,1,0,0.025,1
-0.5,0,0.86603,0,1,0,-0.86603,0,-0.5,1,0,0.025,1
-0.5,0,0.86603,0,1,0,-0.86603,0,-0.5,1,0,0.025,1
-0.5,0,0.86603,0,1,0,-0.86603,0,-0.5,1,0,0.025,1
-0.5,0,0.86603,0,1,0,-0.86603,0,-0.5,1,0,0.025,1
-0.5,0,0.86603,0,1,0,-0.86603,0,-0.5,1,0,0.025,1
-0.5,0,0.86603,0,1,0,-0.86603,0,-0.5,1,0,0.025,1
-0.5,0,0.86603,0,1,0,-0.86603,0,-0.5,1,0,0.025,1
-0.5,0,0.86603,0,1,0,-0.86603,0,-0.5,1,0,0.025,1
-0.5,0,0.86603,0,1,0,-0.86603,0,-0.5,1,0,0.025,1
-0.5,0,0.86603,0,1,0,-0.86603,0,-0.5,1,0,0.025,1
-0.5,0,0.86603,0,1,0,-0.86603,0,-0.5,1,0,0.025,1
-0.5,0,0.86603,0,1,0,-0.86603,0,-0.5,1,0,0.025,1
-0.5,0,0.86603,0,1,0,-0.86603,0,-0.5,1,0,0.025,1
-0.5,0,0.86603,0,1,0,-0.86603,0,-0.5,1,0,0.025,1
-0.5,0,0.86603,0,1,0,-0.86603,0,-0.5,1,0,0.025001,1
-0.5,0,0.86603,0,1,0,-0.86603,0,-0.5,1,0,0.02501,1
-0.5,0,0.86603,0,1,0,-0.86603,0,-0.5,1,0,0.025032,1
-0.5,0,0.86603,0,1,0,-0.86603,0,-0.5,1,0,0.025076,1
-0.5,0,0.86603,0,1,0,-0.86603,0,-0.5,1,0,0.025146,1
-0.5,0,0.86603,0,1,0,-0.86603,0,-0.5,1,0,0.025248,1
-0.5,0,0.86603,0,1,0,-0.86603,0,-0.5,1,0,0.025388,1
-0.5,0,0.86603,0,1,0,-0.86603,0,-0.5,1,0,0.02557,1
-0.5,0,0.86603,0,1,0,-0.86603,0,-0.5,1,0,0.025798,1
-0.5,0,0.86603,0,1,0,-0.86603,0,-0.5,1,0,0.026078,1
-0.5,0,0.86603,0,1,0,-0.86603,0,-0.5,1,0,0.026411,1
-0.5,0,0.86603,0,1,0,-0.86603,0,-0.5,1,0,0.026802,1
-0.5,0,0.86603,0,1,0,-0.86603,0,-0.5,1,0,0.027254,1
-0.5,0,0.86603,0,1,0,-0.86603,0,-0.5,1,0,0.027769,1
-0.5,0,0.86603,0,1,0,-0.86603,0,-0.5,1,0,0.028349,1
-0.5,0,0.86603,0,1,0,-0.86603,0,-0.5,1,0,0.028997,1
-0.5,0,0.86603,0,1,0,-0.86603,0,-0.5,1,0,0.029714,1
-0.5,0,0.86603,0,1,0,-0.86603,0,-0.5,1,0,0.0305,1
-0.5,0,0.86603,0,1,0,-0.86603,0,-0.5,1,0,0.031358,1
-0.5,0,0.86603,0,1,0,-0.86603,0,-0.5,1,0,0.032288,1
-0.5,0,0.86603,0,1,0,-0.86603,0,-0.5,1,0,0.03329,1
-0.5,0,0.86603,0,1,0,-0.86603,0,-0.5,1,0,0.034365,1
-0.5,0,0.86603,0,1,0,-0.86603,0,-0.5,1,0,0.035512,1
-0.5,0,0.86603,0,1,0,-0.86603,0,-0.5,1,0,0.036732,1
-0.5,0,0.86603,0,1,0,-0.86603,0,-0.5,1,0,0.038022,1
-0.5,0,0.86603,0,1,0,-0.86603,0,-0.5,1,0,0.039383,1
-0.5,0,0.86603,0,1,0,-0.86603,0,-0.5,1,0,0.040814,1
-0.5,0,0.86603,0,1,0,-0.86603,0,-0.5,1,0,0.042313,1
-0.5,0,0.86603,0,1,0,-0.86603,0,-0.5,1,0,0.043879,1
-0.5,0,0.86603,0,1,0,-0.86603,0,-0.5,1,0,0.04551,1
-0.5,0,0.86603,0,1,0,-0.86603,0,-0.5,1,0,0.047203,1
-0.5,0,0.86603,0,1,0,-0.86603,0,-0.5,1,0,0.048958,1
-0.5,0,0.86603,0,1,0,-0.86603,0,-0.5,1,0,0.050772,1
-0.5,0,0.86603,0,1,0,-0.86603,0,-0.5,1,0,0.052642,1
-0.5,0,0.86603,0,1,0,-0.86603,0,-0.5,1,0,0.054567,1
-0.5,0,0.86603,0,1,0,-0.86603,0,-0.5,1,0,0.056542,1
-0.5,0,0.86603,0,1,0,-0.86603,0,-0.5,1,0,0.058566,1
-0.5,0,0.86603,0,1,0,-0.86603,0,-0.5,1,0,0.060635,1
-0.5,0,0.86603,0,1,0,-0.86603,0,-0.5,1,0,0.062746,1
-0.5,0,0.86603,0,1,0,-0.86603,0,-0.5,1,0,0.064897,1
-0.5,0,0.86603,0,1,0,-0.86603,0,-0.5,1,0,0.067083,1
-0.5,0,0.86603,0,1,0,-0.86603,0,-0.5,1,0,0.069302,1
-0.5,0,0.86603,0,1,0,-0.86603,0,-0.5,1,0,0.07155,1
-0.5,0,0.86603,0,1,0,-0.86603,0,-0.5,1,0,0.073823,1
-0.5,0,0.86603,0,1,0,-0.86603,0,-0.5,1,0,0.076118,1
-0.5,0,0.86603,0,1,0,-0.86603,0,-0.5,1,0,0.078432,1
-0.5,0,0.86603,0,1,0,-0.86603,0,-0.5,1,0,0.08076,1
-0.5,0,0.86603,0,1,0,-0.86603,0,-0.5,1,0,0.083099,1
-0.5,0,0.86603,0,1,0,-0.86603,0,-0.5,1,0,0.085445,1
-0.5,0,0.86603,0,1,0,-0.86603,0,-0.5,1,0,0.087794,1
-0.5,0,0.86603,0,1,0,-0.86603,0,-0.5,1,0,0.090142,1
-0.5,0,0.86603,0,1,0,-0.86603,0,-0.5,1,0,0.092487,1
-0.5,0,0.86603,0,1,0,-0.86603,0,-0.5,1,0,0.094823,1
-0.5,0,0.86603,0,1,0,-0.86603,0,-0.5,1,0,0.097148,1
-0.5,0,0.86603,0,1,0,-0.86603,0,-0.5,1,0,0.099457,1
-0.5,0,0.86603,0,1,0,-0.86603,0,-0.5,1,0,0.10175,1
-0.5,0,0.86603,0,1,0,-0.86603,0,-0.5,1,0,0.10401,1
-0.5,0,0.86603,0,1,0,-0.86603,0,-0.5,1,0,0.10626,1
-0.5,0,0.86603,0,1,0,-0.86603,0,-0.5,1,0,0.10847,1
-0.5,0,0.86603,0,1,0,-0.86603,0,-0.5,1,0,0.11064,1
-0.5,0,0.86603,0,1,0,-0.86603,0,-0.5,1,0,0.11279,1
-0.5,0,0.86603,0,1,0,-0.86603,0,-0.5,1,0,0.11489,1
-0.5,0,0.86603,0,1,0,-0.86603,0,-0.5,1,0,0.11694,1
-0.5,0,0.86603,0,1,0,-0.86603,0,-0.5,1,0,0.11896,1
-0.5,0,0.86603,0,1,0,-0.86603,0,-0.5,1,0,0.12092,1
-0.5,0,0.86603,0,1,0,-0.86603,0,-0.5,1,0,0.12283,1
-0.5,0,0.86603,0,1,0,-0.86603,0,-0.5,1,0,0.12469,1
-0.5,0,0.86603,0,1,0,-0.86603,0,-0.5,1,0,0.12649,1
-0.5,0,0.86603,0,1,0,-0.86603,0,-0.5,1,0,0.12823,1
-0.5,0,0.86603,0,1,0,-0.86603,0,-0.5,1,0,0.1299,1
-0.5,0,0.86603,0,1,0,-0.86603,0,-0.5,1,0,0.13152,1
-0.5,0,0.86603,0,1,0,-0.86603,0,-0.5,1,0,0.13307,1
-0.5,0,0.86603,0,1,0,-0.86603,0,-0.5,1,0,0.13455,1
-0.5,0,0.86603,0,1,0,-0.86603,0,-0.5,1,0,0.13596,1
-0.5,0,0.86603,0,1,0,-0.86603,0,-0.5,1,0,0.13731,1
-0.5,0,0.86603,0,1,0,-0.86603,0,-0.5,1,0,0.13858,1
-0.5,0,0.86603,0,1,0,-0.86603,0,-0.5,1,0,0.13978,1
-0.5,0,0.86603,0,1,0,-0.86603,0,-0.5,1,0,0.14091,1
-0.5,0,0.86603,0,1,0,-0.86603,0,-0.5,1,0,0.14197,1
-0.5,0,0.86603,0,1,0,-0.86603,0,-0.5,1,0,0.14295,1
-0.5,0,0.86603,0,1,0,-0.86603,0,-0.5,1,0,0.14386,1
-0.5,0,0.86603,0,1,0,-0.86603,0,-0.5,1,0,0.1447,1
-0.5,0,0.86603,0,1,0,-0.86603,0,-0.5,1,0,0.14547,1
-0.5,0,0.86603,0,1,0,-0.86603,0,-0.5,1,0,0.14617,1
-0.5,0,0.86603,0,1,0,-0.86603,0,-0.5,1,0,0.1468,1
-0.5,0,0.86603,0,1,0,-0.86603,0,-0.5,1,0,0.14737,1
-0.5,0,0.86603,0,1,0,-0.86603,0,-0.5,1,0,0.14786,1
-0.5,0,0.86603,0,1,0,-0.86603,0,-0.5,1,0,0.1483,1
-0.5,0,0.86603,0,1,0,-0.86603,0,-0.5,1,0,0.14868,1
-0.5,0,0.86603,0,1,0,-0.86603,0,-0.5,1,0,0.149,1
-0.5,0,0.86603,0,1,0,-0.86603,0,-0.5,1,0,0.14926,1
-0.5,0,0.86603,0,1,0,-0.86603,0,-0.5,1,0,0.14948,1
-0.5,0,0.86603,0,1,0,-0.86603,0,-0.5,1,0,0.14965,1
-0.5,0,0.86603,0,1,0,-0.86603,0,-0.5,1,0,0.14978,1
-0.5,0,0.86603,0,1,0,-0.86603,0,-0.5,1,0,0.14987,1
-0.5,0,0.86603,0,1,0,-0.86603,0,-0.5,1,0,0.14994,1
-0.5,0,0.86603,0,1,0,-0.86603,0,-0.5,1,0,0.14997,1
-0.5,0,0.86603,0,1,0,-0.86603,0,-0.5,1,0,0.14999,1
-0.5,0,0.86603,0,1,0,-0.86603,0,-0.5,1,0,0.15,1
-0.5,0,0.86603,0,1,0,-0.86603,0,-0.5,1,0,0.15,1
-0.5,1.0023e-06,0.86603,5.0114e-07,1,-8.68e-07,-0.86603,0,-0.5,1,-1.0023e-06,0.15,1
-0.5,7.9701e-06,0.86603,3.985e-06,1,-6.9023e-06,-0.86603,0,-0.5,1,-7.9701e-06,0.15,1
-0.5,2.6737e-05,0.86603,1.3368e-05,1,-2.3155e-05,-0.86603,-1.6941e-21,-0.5,1,-2.6737e-05,0.15,1
-0.5,6.2993e-05,0.86603,3.1496e-05,1,-5.4553e-05,-0.86603,-3.3881e-21,-0.5,1,-6.2993e-05,0.15,1
-0.5,0.00012229,0.86603,6.1143e-05,1,-0.0001059,-0.86603,0,-0.5,1,-0.00012229,0.15,1
-0.5,0.00021003,0.86603,0.00010501,1,-0.00018189,-0.86603,0,-0.5,1,-0.00021003,0.15,1
-0.5,0.00033148,0.86603,0.00016574,1,-0.00028707,-0.86603,0,-0.5,1,-0.00033148,0.15,1
-0.5,0.00049178,0.86603,0.00024589,1,-0.00042589,-0.86603,-2.7105e-20,-0.5,1,-0.00049178,0.15,1
-0.5,0.00069591,0.86603,0.00034796,1,-0.00060268,-0.86603,0,-0.5,1,-0.00069591,0.15,1
-0.5,0.00094874,0.86603,0.00047437,1,-0.00082163,-0.86603,0,-0.5,1,-0.00094874,0.15,1
-0.5,0.001255,0.86602,0.00062749,1,-0.0010868,-0.86603,1.0842e-19,-0.5,1,-0.001255,0.15,1
-0.5,0.0016192,0.86602,0.00080962,1,-0.0014023,-0.86603,-1.0842e-19,-0.5,1,-0.0016192,0.15,1
-0.5,0.0020459,0.86602,0.001023,1,-0.0017718,-0.86603,0,-0.5,1,-0.0020459,0.15,1
-0.5,0.0025394,0.86602,0.0012697,1,-0.0021992,-0.86603,0,-0.5,1,-0.0025394,0.15,1
-0.5,0.0031039,0.86602,0.0015519,1,-0.002688,-0.86603,0,-0.5,1,-0.0031039,0.15,1
-0.5,0.0037434,0.86602,0.0018717,0.99999,-0.0032419,-0.86603,-2.1684e-19,-0.5,0.99999,-0.0037434,0.15,1
-0.5,0.0044619,0.86602,0.0022309,0.99999,-0.0038641,-0.86603,0,-0.5,0.99999,-0.0044619,0.15,1
-0.49999,0.0052632,0.86601,0.0026316,0.99999,-0.004558,-0.86603,0,-0.5,0.99999,-0.0052632,0.15,1
-0.49999,0.0061509,0.86601,0.0030754,0.99998,-0.0053268,-0.86603,0,-0.5,0.99998,-0.0061509,0.15,1
-0.49999,0.0071287,0.866,0.0035643,0.99997,-0.0061736,-0.86603,-4.3368e-19,-0.5,0.99997,-0.0071287,0.15,1
-0.49998,0.0081999,0.866,0.0040999,0.99997,-0.0071013,-0.86603,0,-0.5,0.99997,-0.0081999,0.15,1
-0.49998,0.0093679,0.86599,0.004684,0.99996,-0.0081128,-0.86603,8.6736e-19,-0.5,0.99996,-0.0093679,0.15,1
-0.49997,0.010636,0.86598,0.0053179,0.99994,-0.0092109,-0.86603,-8.6736e-19,-0.5,0.99994,-0.010636,0.15,1
-0.49996,0.012007,0.86596,0.0060034,0.99993,-0.010398,-0.86603,-8.6736e-19,-0.5,0.99993,-0.012007,0.15,1
-0.49995,0.013484,0.86595,0.0067419,0.99991,-0.011677,-0.86603,0,-0.5,0.99991,-0.013484,0.15,1
-0.49994,0.01507,0.86593,0.0075348,0.99989,-0.013051,-0.86603,0,-0.5,0.99989,-0.01507,0.15,1
-0.49993,0.016767,0.8659,0.0083835,0.99986,-0.014521,-0.86603,-8.6736e-19,-0.5,0.99986,-0.016767,0.15,1
-0.49991,0.018578,0.86588,0.0092892,0.99983,-0.016089,-0.86603,0,-0.5,0.99983,-0.018578,0.15,1
-0.49989,0.020506,0.86584,0.010253,0.99979,-0.017759,-0.86603,0,-0.5,0.99979,-0.020506,0.15,1
-0.49987,0.022553,0.86581,0.011277,0.99975,-0.019532,-0.86603,0,-0.5,0.99975,-0.022553,0.15,1
