1,0,0,0,1,0,0,0,1,0,0,0.6,0
1,0,1.5007e-06,0,1,0,-1.5007e-06,0,1,6.4848e-07,0,0.6,0
1,0,1.1934e-05,0,1,0,-1.1934e-05,0,1,5.1566e-06,0,0.6,0
1,0,4.0033e-05,0,1,0,-4.0033e-05,0,1,1.7299e-05,0,0.60002,0
1,0,9.4321e-05,0,1,0,-9.4321e-05,0,1,4.0758e-05,0,0.60004,0
1,0,0.0001831,0,1,0,-0.0001831,0,1,7.9127e-05,0,0.60007,0
1,0,0.00031448,0,1,0,-0.00031448,0,1,0.00013591,0,0.60013,0
1,0,0.00049634,0,1,0,-0.00049634,0,1,0.00021452,0,0.6002,0
1,0,0.00073636,0,1,0,-0.00073636,0,1,0.0003183,0,0.6003,0
1,0,0.001042,0,1,0,-0.001042,0,1,0.00045049,0,0.60042,0
1,0,0.0014206,0,1,0,-0.0014206,0,1,0.00061426,0,0.60058,0
1,0,0.0018792,0,1,0,-0.0018792,0,1,0.00081272,0,0.60076,0
1,0,0.0024246,0,1,0,-0.0024246,0,1,0.0010489,0,0.60099,0
1,0,0.0030635,0,1,0,-0.0030635,0,1,0.0013257,0,0.60124,0
0.99999,0,0.0038025,0,1,0,-0.0038025,0,0.99999,0.001646,0,0.60154,0
0.99999,0,0.0046477,0,1,0,-0.0046477,0,0.99999,0.0020127,0,0.60189,0
0.99998,0,0.0056053,0,1,0,-0.0056053,0,0.99998,0.0024285,0,0.60227,0
0.99998,0,0.0066812,0,1,0,-0.0066812,0,0.99998,0.0028961,0,0.60271,0
0.99997,0,0.007881,0,1,0,-0.007881,0,0.99997,0.0034181,0,0.60319,0
0.99996,0,0.0092103,0,1,0,-0.0092103,0,0.99996,0.0039971,0,0.60373,0
0.99994,0,0.010674,0,1,0,-0.010674,0,0.99994,0.0046357,0,0.60432,0
0.99992,0,0.012279,0,1,0,-0.012279,0,0.99992,0.0053363,0,0.60496,0
0.9999,0,0.014027,0,1,0,-0.014027,0,0.9999,0.0061014,0,0.60566,0
0.99987,0,0.015926,0,1,0,-0.015926,0,0.99987,0.0069334,0,0.60642,0
0.99984,0,0.017979,0,1,0,-0.017979,0,0.99984,0.0078346,0,0.60724,0
0.9998,0,0.020191,0,1,0,-0.020191,0,0.9998,0.0088074,0,0.60813,0
0.99975,0,0.022565,0,1,0,-0.022565,0,0.99975,0.0098541,0,0.60907,0
0.99968,0,0.025106,0,1,0,-0.025106,0,0.99968,0.010977,0,0.61008,0
0.99961,0,0.027818,0,1,0,-0.027818,0,0.99961,0.012178,0,0.61115,0
0.99953,0,0.030705,0,1,0,-0.030705,0,0.99953,0.01346,0,0.61229,0
0.99943,0,0.03377,0,1,0,-0.03377,0,0.99943,0.014824,0,0.61349,0
0.99931,0,0.037015,0,1,0,-0.037015,0,0.99931,0.016273,0,0.61476,0
0.99918,0,0.040446,0,1,0,-0.040446,0,0.99918,0.01781,0,0.6161,0
0.99903,0,0.044063,0,1,0,-0.044063,0,0.99903,0.019435,0,0.61751,0
0.99885,0,0.047871,0,1,0,-0.047871,0,0.99885,0.021152,0,0.61898,0
0.99865,0,0.051871,0,1,0,-0.051871,0,0.99865,0.022961,0,0.62052,0
0.99843,0,0.056067,0,1,0,-0.056067,0,0.99843,0.024867,0,0.62213,0
0.99817,0,0.060459,0,1,0,-0.060459,0,0.99817,0.026869,0,0.6238,0
0.99788,0,0.065052,0,1,0,-0.065052,0,0.99788,0.028971,0,0.62555,0
0.99756,0,0.069845,0,1,0,-0.069845,0,0.99756,0.031174,0,0.62736,0
0.9972,0,0.074842,0,1,0,-0.074842,0,0.9972,0.03348,0,0.62923,0
0.99679,0,0.080042,0,1,0,-0.080042,0,0.99679,0.035892,0,0.63117,0
0.99634,0,0.085449,0,1,0,-0.085449,0,0.99634,0.038411,0,0.63318,0
0.99585,0,0.091062,0,1,0,-0.091062,0,0.99585,0.041039,0,0.63525,0
0.9953,0,0.096882,0,1,0,-0.096882,0,0.9953,0.043777,0,0.63738,0
0.99469,0,0.10291,0,1,0,-0.10291,0,0.99469,0.046629,0,0.63957,0
0.99403,0,0.10915,0,1,0,-0.10915,0,0.99403,0.049595,0,0.64182,0
0.9933,0,0.1156,0,1,0,-0.1156,0,0.9933,0.052677,0,0.64413,0
0.9925,0,0.12225,0,1,0,-0.12225,0,0.9925,0.055877,0,0.64649,0
0.99163,0,0.12912,0,1,0,-0.12912,0,0.99163,0.059198,0,0.64891,0
0.99068,0,0.13619,0,1,0,-0.13619,0,0.99068,0.062639,0,0.65138,0
0.98965,0,0.14347,0,1,0,-0.14347,0,0.98965,0.066204,0,0.65389,0
0.98854,0,0.15096,0,1,0,-0.15096,0,0.98854,0.069894,0,0.65646,0
0.98733,0,0.15866,0,1,0,-0.15866,0,0.98733,0.07371,0,0.65907,0
0.98603,0,0.16656,0,1,0,-0.16656,0,0.98603,0.077654,0,0.66172,0
0.98463,0,0.17466,0,1,0,-0.17466,0,0.98463,0.081726,0,0.66441,0
0.98312,0,0.18297,0,1,0,-0.18297,0,0.98312,0.08593,0,0.66714,0
0.9815,0,0.19148,0,1,0,-0.19148,0,0.9815,0.090265,0,0.6699,0
0.97976,0,0.20018,0,1,0,-0.20018,0,0.97976,0.094734,0,0.67269,0
0.9779,0,0.20908,0,1,0,-0.20908,0,0.9779,0.099337,0,0.6755,0
0.97591,0,0.21817,0,1,0,-0.21817,0,0.97591,0.10407,0,0.67834,0
0.97379,0,0.22746,0,1,0,-0.22746,0,0.97379,0.10895,0,0.6812,0
0.97153,0,0.23693,0,1,0,-0.23693,0,0.97153,0.11396,0,0.68408,0
0.96912,0,0.24658,0,1,0,-0.24658,0,0.96912,0.11911,0,0.68697,0
0.96657,0,0.25642,0,1,0,-0.25642,0,0.96657,0.1244,0,0.68986,0
0.96385,0,0.26643,0,1,0,-0.26643,0,0.96385,0.12983,0,0.69276,0
0.96098,0,0.27661,0,1,0,-0.27661,0,0.96098,0.1354,0,0.69567,0
0.95794,0,0.28696,0,1,0,-0.28696,0,0.95794,0.14111,0,0.69856,0
0.95473,0,0.29748,0,1,0,-0.29748,0,0.95473,0.14696,0,0.70145,0
0.95134,0,0.30815,0,1,0,-0.30815,0,0.95134,0.15295,0,0.70433,0
0.94776,0,0.31897,0,1,0,-0.31897,0,0.94776,0.15908,0,0.70719,0
0.944,0,0.32995,0,1,0,-0.32995,0,0.944,0.16535,0,0.71003,0
0.94004,0,0.34106,0,1,0,-0.34106,0,0.94004,0.17177,0,0.71284,0
0.93588,0,0.35232,0,1,0,-0.35232,0,0.93588,0.17832,0,0.71562,0
0.93152,0,0.3637,0,1,0,-0.3637,0,0.93152,0.18502,0,0.71836,0
0.92694,0,0.37521,0,1,0,-0.37521,0,0.92694,0.19185,0,0.72107,0
0.92215,0,0.38683,0,1,0,-0.38683,0,0.92215,0.19882,0,0.72373,0
0.91714,0,0.39857,0,1,0,-0.39857,0,0.91714,0.20593,0,0.72633,0
0.9119,0,0.41041,0,1,0,-0.41041,0,0.9119,0.21318,0,0.72889,0
0.90643,0,0.42235,0,1,0,-0.42235,0,0.90643,0.22056,0,0.73138,0
0.90073,0,0.43438,0,1,0,-0.43438,0,0.90073,0.22808,0,0.73381,0
0.89479,0,0.44648,0,1,0,-0.44648,0,0.89479,0.23573,0,0.73617,0
0.88861,0,0.45867,0,1,0,-0.45867,0,0.88861,0.24351,0,0.73845,0
0.88218,0,0.47091,0,1,0,-0.47091,0,0.88218,0.25142,0,0.74066,0
0.8755,0,0.48322,0,1,0,-0.48322,0,0.8755,0.25945,0,0.74278,0
0.86857,0,0.49557,0,1,0,-0.49557,0,0.86857,0.26761,0,0.74481,0
0.86138,0,0.50797,0,1,0,-0.50797,0,0.86138,0.27589,0,0.74674,0
0.85393,0,0.5204,0,1,0,-0.5204,0,0.85393,0.28429,0,0.74858,0
0.84621,0,0.53284,0,1,0,-0.53284,0,0.84621,0.29281,0,0.75031,0
0.83824,0,0.54531,0,1,0,-0.54531,0,0.83824,0.30144,0,0.75193,0
0.82999,0,0.55778,0,1,0,-0.55778,0,0.82999,0.31018,0,0.75344,0
0.82148,0,0.57024,0,1,0,-0.57024,0,0.82148,0.31903,0,0.75483,0
0.8127,0,0.58269,0,1,0,-0.58269,0,0.8127,0.32798,0,0.7561,0
0.80364,0,0.59511,0,1,0,-0.59511,0,0.80364,0.33703,0,0.75725,0
0.79432,0,0.6075,0,1,0,-0.6075,0,0.79432,0.34618,0,0.75826,0
0.78472,0,0.61985,0,1,0,-0.61985,0,0.78472,0.35542,0,0.75913,0
0.77485,0,0.63215,0,1,0,-0.63215,0,0.77485,0.36475,0,0.75987,0
0.7647,0,0.64438,0,1,0,-0.64438,0,0.7647,0.37416,0,0.76046,0
0.75429,0,0.65655,0,1,0,-0.65655,0,0.75429,0.38366,0,0.76091,0
0.7436,0,0.66863,0,1,0,-0.66863,0,0.7436,0.39322,0,0.76121,0
0.73264,0,0.68062,0,1,0,-0.68062,0,0.73264,0.40286,0,0.76135,0
0.72142,0,0.6925,0,1,0,-0.6925,0,0.72142,0.41256,0,0.76133,0
0.70992,0,0.70428,0,1,0,-0.70428,0,0.70992,0.42233,0,0.76116,0
0.69817,0,0.71594,0,1,0,-0.71594,0,0.69817,0.43215,0,0.76082,0
0.68615,0,0.72746,0,1,0,-0.72746,0,0.68615,0.44202,0,0.76032,0
0.67387,0,0.73885,0,1,0,-0.73885,0,0.67387,0.45193,0,0.75964,0
0.66134,0,0.75009,0,1,0,-0.75009,0,0.66134,0.46188,0,0.7588,0
0.64856,0,0.76116,0,1,0,-0.76116,0,0.64856,0.47187,0,0.75778,0
0.63553,0,0.77208,0,1,0,-0.77208,0,0.63553,0.48189,0,0.75659,0
0.62226,0,0.78281,0,1,0,-0.78281,0,0.62226,0.49192,0,0.75522,0
0.60875,0,0.79336,0,1,0,-0.79336,0,0.60875,0.50198,0,0.75368,0
0.59501,0,0.80372,0,1,0,-0.80372,0,0.59501,0.51205,0,0.75195,0
0.58104,0,0.81388,0,1,0,-0.81388,0,0.58104,0.52212,0,0.75005,0
0.56685,0,0.82382,0,1,0,-0.82382,0,0.56685,0.53219,0,0.74796,0
0.55244,0,0.83355,0,1,0,-0.83355,0,0.55244,0.54225,0,0.7457,0
0.53783,0,0.84305,0,1,0,-0.84305,0,0.53783,0.5523,0,0.74325,0
0.52301,0,0.85233,0,1,0,-0.85233,0,0.52301,0.56233,0,0.74062,0
0.508,0,0.86136,0,1,0,-0.86136,0,0.508,0.57234,0,0.73781,0
0.49281,0,0.87014,0,1,0,-0.87014,0,0.49281,0.58232,0,0.73481,0
0.47743,0,0.87867,0,1,0,-0.87867,0,0.47743,0.59226,0,0.73164,0
0.46188,0,0.88694,0,1,0,-0.88694,0,0.46188,0.60216,0,0.72829,0
0.44617,0,0.89495,0,1,0,-0.89495,0,0.44617,0.61201,0,0.72475,0
0.43031,0,0.90268,0,1,0,-0.90268,0,0.43031,0.62181,0,0.72104,0
0.41429,0,0.91014,0,1,0,-0.91014,0,0.41429,0.63155,0,0.71716,0
0.39814,0,0.91732,0,1,0,-0.91732,0,0.39814,0.64122,0,0.7131,0
0.38187,0,0.92422,0,1,0,-0.92422,0,0.38187,0.65082,0,0.70887,0
0.36547,0,0.93082,0,1,0,-0.93082,0,0.36547,0.66034,0,0.70448,0
0.34896,0,0.93714,0,1,0,-0.93714,0,0.34896,0.66979,0,0.69991,0
0.33236,0,0.94315,0,1,0,-0.94315,0,0.33236,0.67914,0,0.69518,0
0.31566,0,0.94887,0,1,0,-0.94887,0,0.31566,0.68841,0,0.69029,0
0.29888,0,0.95429,0,1,0,-0.95429,0,0.29888,0.69757,0,0.68525,0
0.28203,0,0.95941,0,1,0,-0.95941,0,0.28203,0.70664,0,0.68005,0
0.26512,0,0.96422,0,1,0,-0.96422,0,0.26512,0.71559,0,0.6747,0
0.24816,0,0.96872,0,1,0,-0.96872,0,0.24816,0.72444,0,0.6692,0
0.23116,0,0.97292,0,1,0,-0.97292,0,0.23116,0.73317,0,0.66356,0
0.21412,0,0.97681,0,1,0,-0.97681,0,0.21412,0.74178,0,0.65778,0
0.19707,0,0.98039,0,1,0,-0.98039,0,0.19707,0.75027,0,0.65187,0
0.18,0,0.98367,0,1,0,-0.98367,0,0.18,0.75862,0,0.64583,0
0.16294,0,0.98664,0,1,0,-0.98664,0,0.16294,0.76685,0,0.63966,0
0.14588,0,0.9893,0,1,0,-0.9893,0,0.14588,0.77494,0,0.63338,0
0.12884,0,0.99167,0,1,0,-0.99167,0,0.12884,0.78289,0,0.62698,0
0.11183,0,0.99373,0,1,0,-0.99373,0,0.11183,0.79071,0,0.62047,0
0.094858,0,0.99549,0,1,0,-0.99549,0,0.094858,0.79837,0,0.61385,0
0.077934,0,0.99696,0,1,0,-0.99696,0,0.077934,0.80589,0,0.60713,0
0.061067,0,0.99813,0,1,0,-0.99813,0,0.061067,0.81326,0,0.60032,0
0.044268,0,0.99902,0,1,0,-0.99902,0,0.044268,0.82048,0,0.59342,0
0.027544,0,0.99962,0,1,0,-0.99962,0,0.027544,0.82754,0,0.58644,0
0.010905,0,0.99994,0,1,0,-0.99994,0,0.010905,0.83445,0,0.57938,0
-0.0056406,0,0.99998,0,1,0,-0.99998,0,-0.0056406,0.8412,0,0.57225,0
-0.022084,0,0.99976,0,1,0,-0.99976,0,-0.022084,0.84779,0,0.56505,0
-0.038416,0,0.99926,0,1,0,-0.99926,0,-0.038416,0.85422,0,0.5578,0
-0.054629,0,0.99851,0,1,0,-0.99851,0,-0.054629,0.86049,0,0.55048,0
-0.070715,0,0.9975,0,1,0,-0.9975,0,-0.070715,0.86659,0,0.54312,0
-0.086666,0,0.99624,0,1,0,-0.99624,0,-0.086666,0.87254,0,0.53572,0
-0.10248,0,0.99474,0,1,0,-0.99474,0,-0.10248,0.87832,0,0.52827,0
-0.11814,0,0.993,0,1,0,-0.993,0,-0.11814,0.88394,0,0.5208,0
-0.13364,0,0.99103,0,1,0,-0.99103,0,-0.13364,0.8894,0,0.5133,0
-0.14898,0,0.98884,0,1,0,-0.98884,0,-0.14898,0.89469,0,0.50578,0
-0.16415,0,0.98644,0,1,0,-0.98644,0,-0.16415,0.89982,0,0.49825,0
-0.17915,0,0.98382,0,1,0,-0.98382,0,-0.17915,0.9048,0,0.4907,0
-0.19396,0,0.98101,0,1,0,-0.98101,0,-0.19396,0.90961,0,0.48316,0
-0.20859,0,0.978,0,1,0,-0.978,0,-0.20859,0.91426,0,0.47562,0
-0.22302,0,0.97481,0,1,0,-0.97481,0,-0.22302,0.91875,0,0.46808,0
-0.23726,0,0.97145,0,1,0,-0.97145,0,-0.23726,0.92309,0,0.46056,0
-0.25129,0,0.96791,0,1,0,-0.96791,0,-0.25129,0.92727,0,0.45306,0
-0.26512,0,0.96422,0,1,0,-0.96422,0,-0.26512,0.9313,0,0.44558,0
-0.27874,0,0.96037,0,1,0,-0.96037,0,-0.27874,0.93517,0,0.43813,0
-0.29214,0,0.95638,0,1,0,-0.95638,0,-0.29214,0.9389,0,0.43071,0
-0.30532,0,0.95225,0,1,0,-0.95225,0,-0.30532,0.94248,0,0.42334,0
-0.31829,0,0.94799,0,1,0,-0.94799,0,-0.31829,0.94592,0,0.41601,0
-0.33103,0,0.94362,0,1,0,-0.94362,0,-0.33103,0.94921,0,0.40872,0
-0.34354,0,0.93914,0,1,0,-0.93914,0,-0.34354,0.95236,0,0.40149,0
-0.35582,0,0.93455,0,1,0,-0.93455,0,-0.35582,0.95538,0,0.39432,0
-0.36788,0,0.92987,0,1,0,-0.92987,0,-0.36788,0.95826,0,0.38721,0
-0.3797,0,0.92511,0,1,0,-0.92511,0,-0.3797,0.96101,0,0.38016,0
-0.39128,0,0.92027,0,1,0,-0.92027,0,-0.39128,0.96363,0,0.37319,0
-0.40263,0,0.91536,0,1,0,-0.91536,0,-0.40263,0.96613,0,0.36629,0
-0.41374,0,0.91039,0,1,0,-0.91039,0,-0.41374,0.9685,0,0.35946,0
-0.42462,0,0.90537,0,1,0,-0.90537,0,-0.42462,0.97075,0,0.35272,0
-0.43525,0,0.90031,0,1,0,-0.90031,0,-0.43525,0.97289,0,0.34606,0
-0.44565,0,0.89521,0,1,0,-0.89521,0,-0.44565,0.97492,0,0.3395,0
-0.45581,0,0.89008,0,1,0,-0.89008,0,-0.45581,0.97683,0,0.33302,0
-0.46573,0,0.88493,0,1,0,-0.88493,0,-0.46573,0.97864,0,0.32664,0
-0.47541,0,0.87976,0,1,0,-0.87976,0,-0.47541,0.98035,0,0.32035,0
-0.48486,0,0.87459,0,1,0,-0.87459,0,-0.48486,0.98196,0,0.31417,0
-0.49407,0,0.86942,0,1,0,-0.86942,0,-0.49407,0.98347,0,0.30809,0
-0.50304,0,0.86426,0,1,0,-0.86426,0,-0.50304,0.98489,0,0.30211,0
-0.51178,0,0.85912,0,1,0,-0.85912,0,-0.51178,0.98622,0,0.29624,0
-0.52028,0,0.854,0,1,0,-0.854,0,-0.52028,0.98747,0,0.29048,0
-0.52855,0,0.8489,0,1,0,-0.8489,0,-0.52855,0.98863,0,0.28484,0
-0.53659,0,0.84384,0,1,0,-0.84384,0,-0.53659,0.98972,0,0.2793,0
-0.54441,0,0.83882,0,1,0,-0.83882,0,-0.54441,0.99073,0,0.27389,0
-0.55199,0,0.83385,0,1,0,-0.83385,0,-0.55199,0.99167,0,0.26858,0
-0.55936,0,0.82893,0,1,0,-0.82893,0,-0.55936,0.99253,0,0.2634,0
-0.56649,0,0.82407,0,1,0,-0.82407,0,-0.56649,0.99334,0,0.25834,0
-0.57341,0,0.81927,0,1,0,-0.81927,0,-0.57341,0.99408,0,0.2534,0
-0.58012,0,0.81453,0,1,0,-0.81453,0,-0.58012,0.99476,0,0.24858,0
-0.5866,0,0.80988,0,1,0,-0.80988,0,-0.5866,0.99539,0,0.24388,0
-0.59287,0,0.80529,0,1,0,-0.80529,0,-0.59287,0.99596,0,0.2393,0
-0.59894,0,0.8008,0,1,0,-0.8008,0,-0.59894,0.99648,0,0.23485,0
-0.60479,0,0.79638,0,1,0,-0.79638,0,-0.60479,0.99696,0,0.23053,0
-0.61044,0,0.79206,0,1,0,-0.79206,0,-0.61044,0.99739,0,0.22633,0
-0.61589,0,0.78783,0,1,0,-0.78783,0,-0.61589,0.99778,0,0.22225,0
-0.62114,0,0.7837,0,1,0,-0.7837,0,-0.62114,0.99813,0,0.2183,0
-0.6262,0,0.77966,0,1,0,-0.77966,0,-0.6262,0.99844,0,0.21448,0
-0.63106,0,0.77573,0,1,0,-0.77573,0,-0.63106,0.99872,0,0.21078,0
-0.63573,0,0.77191,0,1,0,-0.77191,0,-0.63573,0.99897,0,0.2072,0
-0.64022,0,0.76819,0,1,0,-0.76819,0,-0.64022,0.99919,0,0.20375,0
-0.64452,0,0.76459,0,1,0,-0.76459,0,-0.64452,0.99938,0,0.20043,0
-0.64864,0,0.76109,0,1,0,-0.76109,0,-0.64864,0.99954,0,0.19722,0
-0.65259,0,0.75771,0,1,0,-0.75771,0,-0.65259,0.99969,0,0.19414,0
-0.65636,0,0.75445,0,1,0,-0.75445,0,-0.65636,0.99981,0,0.19119,0
-0.65996,0,0.7513,0,1,0,-0.7513,0,-0.65996,0.99992,0,0.18835,0
-0.6634,0,0.74827,0,1,0,-0.74827,0,-0.6634,1,0,0.18563,0
-0.66667,0,0.74535,0,1,0,-0.74535,0,-0.66667,1.0001,0,0.18303,0
-0.66978,0,0.74256,0,1,0,-0.74256,0,-0.66978,1.0001,0,0.18055,0
-0.67273,0,0.73988,0,1,0,-0.73988,0,-0.67273,1.0002,0,0.17819,0
-0.67554,0,0.73733,0,1,0,-0.73733,0,-0.67554,1.0002,0,0.17594,0
-0.67819,0,0.73489,0,1,0,-0.73489,0,-0.67819,1.0002,0,0.1738,0
-0.68069,0,0.73257,0,1,0,-0.73257,0,-0.68069,1.0003,0,0.17177,0
-0.68305,0,0.73037,0,1,0,-0.73037,0,-0.68305,1.0003,0,0.16986,0
-0.68528,0,0.72828,0,1,0,-0.72828,0,-0.68528,1.0003,0,0.16805,0
-0.68737,0,0.72631,0,1,0,-0.72631,0,-0.68737,1.0003,0,0.16634,0
-0.68932,0,0.72446,0,1,0,-0.72446,0,-0.68932,1.0003,0,0.16474,0
-0.69115,0,0.72271,0,1,0,-0.72271,0,-0.69115,1.0003,0,0.16324,0
-0.69285,0,0.72108,0,1,0,-0.72108,0,-0.69285,1.0002,0,0.16185,0
-0.69443,0,0.71956,0,1,0,-0.71956,0,-0.69443,1.0002,0,0.16054,0
-0.6959,0,0.71814,0,1,0,-0.71814,0,-0.6959,1.0002,0,0.15933,0
-0.69725,0,0.71683,0,1,0,-0.71683,0,-0.69725,1.0002,0,0.15822,0
-0.69849,0,0.71562,0,1,0,-0.71562,0,-0.69849,1.0002,0,0.15719,0
-0.69963,0,0.71451,0,1,0,-0.71451,0,-0.69963,1.0002,0,0.15624,0
-0.70066,0,0.71349,0,1,0,-0.71349,0,-0.70066,1.0001,0,0.15538,0
-0.7016,0,0.71257,0,1,0,-0.71257,0,-0.7016,1.0001,0,0.1546,0
-0.70245,0,0.71174,0,1,0,-0.71174,0,-0.70245,1.0001,0,0.1539,0
-0.7032,0,0.71099,0,1,0,-0.71099,0,-0.7032,1.0001,0,0.15327,0
-0.70388,0,0.71032,0,1,0,-0.71032,0,-0.70388,1.0001,0,0.1527,0
-0.70447,0,0.70974,0,1,0,-0.70974,0,-0.70447,1.0001,0,0.15221,0
-0.70499,0,0.70922,0,1,0,-0.70922,0,-0.70499,1.0001,0,0.15178,0
-0.70543,0,0.70878,0,1,0,-0.70878,0,-0.70543,1,0,0.1514,0
-0.70581,0,0.7084,0,1,0,-0.7084,0,-0.70581,1,0,0.15109,0
-0.70613,0,0.70808,0,1,0,-0.70808,0,-0.70613,1,0,0.15082,0
-0.70639,0,0.70782,0,1,0,-0.70782,0,-0.70639,1,0,0.1506,0
-0.7066,0,0.70761,0,1,0,-0.70761,0,-0.7066,1,0,0.15042,0
-0.70677,0,0.70744,0,1,0,-0.70744,0,-0.70677,1,0,0.15028,0
-0.7069,0,0.70732,0,1,0,-0.70732,0,-0.7069,1,0,0.15018,0
-0.70698,0,0.70723,0,1,0,-0.70723,0,-0.70698,1,0,0.1501,0
-0.70704,0,0.70717,0,1,0,-0.70717,0,-0.70704,1,0,0.15005,0
-0.70708,0,0.70713,0,1,0,-0.70713,0,-0.70708,1,0,0.15002,0
-0.7071,0,0.70711,0,1,0,-0.70711,0,-0.7071,1,0,0.15001,0
-0.70711,0,0.70711,0,1,0,-0.70711,0,-0.70711,1,0,0.15,0
-0.70711,0,0.70711,0,1,0,-0.70711,0,-0.70711,1,0,0.15,0
-0.70711,0,0.70711,0,1,0,-0.70711,0,-0.70711,1,0,0.15,0
-0.70711,0,0.70711,0,1,0,-0.70711,0,-0.70711,1,0,0.14999,0
-0.70711,0,0.70711,0,1,0,-0.70711,0,-0.70711,1,0,0.14997,0
-0.70711,0,0.70711,0,1,0,-0.70711,0,-0.70711,1,0,0.14992,0
-0.70711,0,0.70711,0,1,0,-0.70711,0,-0.70711,1,0,0.14985,0
-0.70711,0,0.70711,0,1,0,-0.70711,0,-0.70711,1,0,0.14975,0
-0.70711,0,0.70711,0,1,0,-0.70711,0,-0.70711,1,0,0.14961,0
-0.70711,0,0.70711,0,1,0,-0.70711,0,-0.70711,1,0,0.14943,0
-0.70711,0,0.70711,0,1,0,-0.70711,0,-0.70711,1,0,0.14921,0
-0.70711,0,0.70711,0,1,0,-0.70711,0,-0.70711,1,0,0.14893,0
-0.70711,0,0.70711,0,1,0,-0.70711,0,-0.70711,1,0,0.14859,0
-0.70711,0,0.70711,0,1,0,-0.70711,0,-0.70711,1,0,0.14821,0
-0.70711,0,0.70711,0,1,0,-0.70711,0,-0.70711,1,0,0.14776,0
-0.70711,0,0.70711,0,1,0,-0.70711,0,-0.70711,1,0,0.14724,0
-0.70711,0,0.70711,0,1,0,-0.70711,0,-0.70711,1,0,0.14666,0
-0.70711,0,0.70711,0,1,0,-0.70711,0,-0.70711,1,0,0.14602,0
-0.70711,0,0.70711,0,1,0,-0.70711,0,-0.70711,1,0,0.14531,0
-0.70711,0,0.70711,0,1,0,-0.70711,0,-0.70711,1,0,0.14452,0
-0.70711,0,0.70711,0,1,0,-0.70711,0,-0.70711,1,0,0.14367,0
-0.70711,0,0.70711,0,1,0,-0.70711,0,-0.70711,1,0,0.14274,0
-0.70711,0,0.70711,0,1,0,-0.70711,0,-0.70711,1,0,0.14174,0
-0.70711,0,0.70711,0,1,0,-0.70711,0,-0.70711,1,0,0.14067,0
-0.70711,0,0.70711,0,1,0,-0.70711,0,-0.70711,1,0,0.13953,0
-0.70711,0,0.70711,0,1,0,-0.70711,0,-0.70711,1,0,0.13831,0
-0.70711,0,0.70711,0,1,0,-0.70711,0,-0.70711,1,0,0.13703,0
-0.70711,0,0.70711,0,1,0,-0.70711,0,-0.70711,1,0,0.13567,0
-0.70711,0,0.70711,0,1,0,-0.70711,0,-0.70711,1,0,0.13425,0
-0.70711,0,0.70711,0,1,0,-0.70711,0,-0.70711,1,0,0.13275,0
-0.70711,0,0.70711,0,1,0,-0.70711,0,-0.70711,1,0,0.13119,0
-0.70711,0,0.70711,0,1,0,-0.70711,0,-0.70711,1,0,0.12957,0
-0.70711,0,0.70711,0,1,0,-0.70711,0,-0.70711,1,0,0.12788,0
-0.70711,0,0.70711,0,1,0,-0.70711,0,-0.70711,1,0,0.12613,0
-0.70711,0,0.70711,0,1,0,-0.70711,0,-0.70711,1,0,0.12432,0
-0.70711,0,0.70711,0,1,0,-0.70711,0,-0.70711,1,0,0.12245,0
-0.70711,0,0.70711,0,1,0,-0.70711,0,-0.70711,1,0,0.12054,0
-0.70711,0,0.70711,0,1,0,-0.70711,0,-0.70711,1,0,0.11857,0
-0.70711,0,0.70711,0,1,0,-0.70711,0,-0.70711,1,0,0.11655,0
-0.70711,0,0.70711,0,1,0,-0.70711,0,-0.70711,1,0,0.11448,0
-0.70711,0,0.70711,0,1,0,-0.70711,0,-0.70711,1,0,0.11238,0
-0.70711,0,0.70711,0,1,0,-0.70711,0,-0.70711,1,0,0.11023,0
-0.70711,0,0.70711,0,1,0,-0.70711,0,-0.70711,1,0,0.10805,0
-0.70711,0,0.70711,0,1,0,-0.70711,0,-0.70711,1,0,0.10584,0
-0.70711,0,0.70711,0,1,0,-0.70711,0,-0.70711,1,0,0.1036,0
-0.70711,0,0.70711,0,1,0,-0.70711,0,-0.70711,1,0,0.10133,0
-0.70711,0,0.70711,0,1,0,-0.70711,0,-0.70711,1,0,0.099037,0
-0.70711,0,0.70711,0,1,0,-0.70711,0,-0.70711,1,0,0.096729,0
-0.70711,0,0.70711,0,1,0,-0.70711,0,-0.70711,1,0,0.094405,0
-0.70711,0,0.70711,0,1,0,-0.70711,0,-0.70711,1,0,0.09207,0
-0.70711,0,0.70711,0,1,0,-0.70711,0,-0.70711,1,0,0.089728,0
-0.70711,0,0.70711,0,1,0,-0.70711,0,-0.70711,1,0,0.087383,0
-0.70711,0,0.70711,0,1,0,-0.70711,0,-0.70711,1,0,0.085037,0
-0.70711,0,0.70711,0,1,0,-0.70711,0,-0.70711,1,0,0.082696,0
-0.70711,0,0.70711,0,1,0,-0.70711,0,-0.70711,1,0,0.080362,0
-0.70711,0,0.70711,0,1,0,-0.70711,0,-0.70711,1,0,0.07804,0
-0.70711,0,0.70711,0,1,0,-0.70711,0,-0.70711,1,0,0.075733,0
-0.70711,0,0.70711,0,1,0,-0.70711,0,-0.70711,1,0,0.073444,0
-0.70711,0,0.70711,0,1,0,-0.70711,0,-0.70711,1,0,0.071178,0
-0.70711,0,0.70711,0,1,0,-0.70711,0,-0.70711,1,0,0.068938,0
-0.70711,0,0.70711,0,1,0,-0.70711,0,-0.70711,1,0,0.066728,0
-0.70711,0,0.70711,0,1,0,-0.70711,0,-0.70711,1,0,0.06455,0
-0.70711,0,0.70711,0,1,0,-0.70711,0,-0.70711,1,0,0.062409,0
-0.70711,0,0.70711,0,1,0,-0.70711,0,-0.70711,1,0,0.060307,0
-0.70711,0,0.70711,0,1,0,-0.70711,0,-0.70711,1,0,0.058248,0
-0.70711,0,0.70711,0,1,0,-0.70711,0,-0.70711,1,0,0.056235,0
-0.70711,0,0.70711,0,1,0,-0.70711,0,-0.70711,1,0,0.05427,0
-0.70711,0,0.70711,0,1,0,-0.70711,0,-0.70711,1,0,0.052357,0
-0.70711,0,0.70711,0,1,0,-0.70711,0,-0.70711,1,0,0.050498,0
-0.70711,0,0.70711,0,1,0,-0.70711,0,-0.70711,1,0,0.048695,0
-0.70711,0,0.70711,0,1,0,-0.70711,0,-0.70711,1,0,0.046952,0
-0.70711,0,0.70711,0,1,0,-0.70711,0,-0.70711,1,0,0.045269,0
-0.70711,0,0.70711,0,1,0,-0.70711,0,-0.70711,1,0,0.04365,0
-0.70711,0,0.70711,0,1,0,-0.70711,0,-0.70711,1,0,0.042096,0
-0.70711,0,0.70711,0,1,0,-0.70711,0,-0.70711,1,0,0.040609,0
-0.70711,0,0.70711,0,1,0,-0.70711,0,-0.70711,1,0,0.03919,0
-0.70711,0,0.70711,0,1,0,-0.70711,0,-0.70711,1,0,0.037841,0
-0.70711,0,0.70711,0,1,0,-0.70711,0,-0.70711,1,0,0.036562,0
-0.70711,0,0.70711,0,1,0,-0.70711,0,-0.70711,1,0,0.035354,0
-0.70711,0,0.70711,0,1,0,-0.70711,0,-0.70711,1,0,0.034218,0
-0.70711,0,0.70711,0,1,0,-0.70711,0,-0.70711,1,0,0.033155,0
-0.70711,0,0.70711,0,1,0,-0.70711,0,-0.70711,1,0,0.032163,0
-0.70711,0,0.70711,0,1,0,-0.70711,0,-0.70711,1,0,0.031244,0
-0.70711,0,0.70711,0,1,0,-0.70711,0,-0.70711,1,0,0.030397,0
-0.70711,0,0.70711,0,1,0,-0.70711,0,-0.70711,1,0,0.02962,0
-0.70711,0,0.70711,0,1,0,-0.70711,0,-0.70711,1,0,0.028913,0
-0.70711,0,0.70711,0,1,0,-0.70711,0,-0.70711,1,0,0.028275,0
-0.70711,0,0.70711,0,1,0,-0.70711,0,-0.70711,1,0,0.027703,0
-0.70711,0,0.70711,0,1,0,-0.70711,0,-0.70711,1,0,0.027197,0
-0.70711,0,0.70711,0,1,0,-0.70711,0,-0.70711,1,0,0.026753,0
-0.70711,0,0.70711,0,1,0,-0.70711,0,-0.70711,1,0,0.02637,0
-0.70711,0,0.70711,0,1,0,-0.70711,0,-0.70711,1,0,0.026043,0
-0.70711,0,0.70711,0,1,0,-0.70711,0,-0.70711,1,0,0.02577,0
-0.70711,0,0.70711,0,1,0,-0.70711,0,-0.70711,1,0,0.025547,0
-0.70711,0,0.70711,0,1,0,-0.70711,0,-0.70711,1,0,0.02537,0
-0.70711,0,0.70711,0,1,0,-0.70711,0,-0.70711,1,0,0.025235,0
-0.70711,0,0.70711,0,1,0,-0.70711,0,-0.70711,1,0,0.025137,0
-0.70711,0,0.70711,0,1,0,-0.70711,0,-0.70711,1,0,0.02507,0
-0.70711,0,0.70711,0,1,0,-0.70711,0,-0.70711,1,0,0.025029,0
-0.70711,0,0.70711,0,1,0,-0.70711,0,-0.70711,1,0,0.025008,0
-0.70711,0,0.70711,0,1,0,-0.70711,0,-0.70711,1,0,0.025001,0
-0.70711,0,0.70711,0,1,0,-0.70711,0,-0.70711,1,0,0.025,1
-0.70711,0,0.70711,0,1,0,-0.70711,0,-0.70711,1,0,0.025,1
-0.70711,0,0.70711,0,1,0,-0.70711,0,-0.70711,1,0,0.025,1
-0.70711,0,0.70711,0,1,0,-0.70711,0,-0.70711,1,0,0.025,1
-0.70711,0,0.70711,0,1,0,-0.70711,0,-0.70711,1,0,0.025,1
-0.70711,0,0.70711,0,1,0,-0.70711,0,-0.70711,1,0,0.025,1
-0.70711,0,0.70711,0,1,0,-0.70711,0,-0.70711,1,0,0.025,1
-0.70711,0,0.70711,0,1,0,-0.70711,0,-0.70711,1,0,0.025,1
-0.70711,0,0.70711,0,1,0,-0.70711,0,-0.70711,1,0,0.025,1
-0.70711,0,0.70711,0,1,0,-0.70711,0,-0.70711,1,0,0.025,1
-0.70711,0,0.70711,0,1,0,-0.70711,0,-0.70711,1,0,0.025,1
-0.70711,0,0.70711,0,1,0,-0.70711,0,-0.70711,1,0,0.025,1
-0.70711,0,0.70711,0,1,0,-0.70711,0,-0.70711,1,0,0.025,1
-0.70711,0,0.70711,0,1,0,-0.70711,0,-0.70711,1,0,0.025,1
-0.70711,0,0.70711,0,1,0,-0.70711,0,-0.70711,1,0,0.025,1
-0.70711,0,0.70711,0,1,0,-0.70711,0,-0.70711,1,0,0.025,1
-0.70711,0,0.70711,0,1,0,-0.70711,0,-0.70711,1,0,0.025,1
-0.70711,0,0.70711,0,1,0,-0.70711,0,-0.70711,1,0,0.025,1
-0.70711,0,0.70711,0,1,0,-0.70711,0,-0.70711,1,0,0.025,1
-0.70711,0,0.70711,0,1,0,-0.70711,0,-0.70711,1,0,0.025,1
-0.70711,0,0.70711,0,1,0,-0.70711,0,-0.70711,1,0,0.025,1
-0.70711,0,0.70711,0,1,0,-0.70711,0,-0.70711,1,0,0.025,1
-0.70711,0,0.70711,0,1,0,-0.70711,0,-0.70711,1,0,0.025,1
-0.70711,0,0.70711,0,1,0,-0.70711,0,-0.70711,1,0,0.025,1
-0.70711,0,0.70711,0,1,0,-0.70711,0,-0.70711,1,0,0.025,1
-0.70711,0,0.70711,0,1,0,-0.70711,0,-0.70711,1,0,0.025,1
-0.70711,0,0.70711,0,1,0,-0.70711,0,-0.70711,1,0,0.025,1
-0.70711,0,0.70711,0,1,0,-0.70711,0,-0.70711,1,0,0.025,1
-0.70711,0,0.70711,0,1,0,-0.70711,0,-0.70711,1,0,0.025,1
-0.70711,0,0.70711,0,1,0,-0.70711,0,-0.70711,1,0,0.025,1
-0.70711,0,0.70711,0,1,0,-0.70711,0,-0.70711,1,0,0.025,1
-0.70711,0,0.70711,0,1,0,-0.70711,0,-0.70711,1,0,0.025,1
-0.70711,0,0.70711,0,1,0,-0.70711,0,-0.70711,1,0,0.025,1
-0.70711,0,0.70711,0,1,0,-0.70711,0,-0.70711,1,0,0.025,1
-0.70711,0,0.70711,0,1,0,-0.70711,0,-0.70711,1,0,0.025,1
-0.70711,0,0.70711,0,1,0,-0.70711,0,-0.70711,1,0,0.025,1
-0.70711,0,0.70711,0,1,0,-0.70711,0,-0.70711,1,0,0.025,1
-0.70711,0,0.70711,0,1,0,-0.70711,0,-0.70711,1,0,0.025,1
-0.70711,0,0.70711,0,1,0,-0.70711,0,-0.70711,1,0,0.025,1
-0.70711,0,0.70711,0,1,0,-0.70711,0,-0.70711,1,0,0.025,1
-0.70711,0,0.70711,0,1,0,-0.70711,0,-0.70711,1,0,0.025,1
-0.70711,0,0.70711,0,1,0,-0.70711,0,-0.70711,1,0,0.025,1
-0.70711,0,0.70711,0,1,0,-0.70711,0,-0.70711,1,0,0.025,1
-0.70711,0,0.70711,0,1,0,-0.70711,0,-0.70711,1,0,0.025,1
-0.70711,0,0.70711,0,1,0,-0.70711,0,-0.70711,1,0,0.025,1
-0.70711,0,0.70711,0,1,0,-0.70711,0,-0.70711,1,0,0.025,1
-0.70711,0,0.70711,0,1,0,-0.70711,0,-0.70711,1,0,0.025,1
-0.70711,0,0.70711,0,1,0,-0.70711,0,-0.70711,1,0,0.025,1
-0.70711,0,0.70711,0,1,0,-0.70711,0,-0.70711,1,0,0.025,1
-0.70711,0,0.70711,0,1,0,-0.70711,0,-0.70711,1,0,0.025,1
-0.70711,0,0.70711,0,1,0,-0.70711,0,-0.70711,1,0,0.025,1
-0.70711,0,0.70711,0,1,0,-0.70711,0,-0.70711,1,0,0.025,1
-0.70711,0,0.70711,0,1,0,-0.70711,0,-0.70711,1,0,0.025,1
-0.70711,0,0.70711,0,1,0,-0.70711,0,-0.70711,1,0,0.025,1
-0.70711,0,0.70711,0,1,0,-0.70711,0,-0.70711,1,0,0.025,1
-0.70711,0,0.70711,0,1,0,-0.70711,0,-0.70711,1,0,0.025,1
-0.70711,0,0.70711,0,1,0,-0.70711,0,-0.70711,1,0,0.025,1
-0.70711,0,0.70711,0,1,0,-0.70711,0,-0.70711,1,0,0.025,1
-0.70711,0,0.70711,0,1,0,-0.70711,0,-0.70711,1,0,0.025,1
-0.70711,0,0.70711,0,1,0,-0.70711,0,-0.70711,1,0,0.025,1
-0.70711,0,0.70711,0,1,0,-0.70711,0,-0.70711,1,0,0.025,1
-0.70711,0,0.70711,0,1,0,-0.70711,0,-0.70711,1,0,0.025,1
-0.70711,0,0.70711,0,1,0,-0.70711,0,-0.70711,1,0,0.025,1
-0.70711,0,0.70711,0,1,0,-0.70711,0,-0.70711,1,0,0.025,1
-0.70711,0,0.70711,0,1,0,-0.70711,0,-0.70711,1,0,0.025,1
-0.70711,0,0.70711,0,1,0,-0.70711,0,-0.70711,1,0,0.025,1
-0.70711,0,0.70711,0,1,0,-0.70711,0,-0.70711,1,0,0.025,1
-0.70711,0,0.70711,0,1,0,-0.70711,0,-0.70711,1,0,0.025,1
-0.70711,0,0.70711,0,1,0,-0.70711,0,-0.70711,1,0,0.025,1
-0.70711,0,0.70711,0,1,0,-0.70711,0,-0.70711,1,0,0.025,1
-0.70711,0,0.70711,0,1,0,-0.70711,0,-0.70711,1,0,0.025,1
-0.70711,0,0.70711,0,1,0,-0.70711,0,-0.70711,1,0,0.025,1
-0.70711,0,0.70711,0,1,0,-0.70711,0,-0.70711,1,0,0.025,1
-0.70711,0,0.70711,0,1,0,-0.70711,0,-0.70711,1,0,0.025,1
-0.70711,0,0.70711,0,1,0,-0.70711,0,-0.70711,1,0,0.025,1
-0.70711,0,0.70711,0,1,0,-0.70711,0,-0.70711,1,0,0.025,1
-0.70711,0,0.70711,0,1,0,-0.70711,0,-0.70711,1,0,0.025,1
-0.70711,0,0.70711,0,1,0,-0.70711,0,-0.70711,1,0,0.025,1
-0.70711,0,0.70711,0,1,0,-0.70711,0,-0.70711,1,0,0.025,1
-0.70711,0,0.70711,0,1,0,-0.70711,0,-0.70711,1,0,0.025,1
-0.70711,0,0.70711,0,1,0,-0.70711,0,-0.70711,1,0,0.025,1
-0.70711,0,0.70711,0,1,0,-0.70711,0,-0.70711,1,0,0.025,1
-0.70711,0,0.70711,0,1,0,-0.70711,0,-0.70711,1,0,0.025,1
-0.70711,0,0.70711,0,1,0,-0.70711,0,-0.70711,1,0,0.025,1
-0.70711,0,0.70711,0,1,0,-0.70711,0,-0.70711,1,0,0.025,1
-0.70711,0,0.70711,0,1,0,-0.70711,0,-0.70711,1,0,0.025,1
-0.70711,0,0.70711,0,1,0,-0.70711,0,-0.70711,1,0,0.025,1
-0.70711,0,0.70711,0,1,0,-0.70711,0,-0.70711,1,0,0.025,1
-0.70711,0,0.70711,0,1,0,-0.70711,0,-0.70711,1,0,0.025,1
-0.70711,0,0.70711,0,1,0,-0.70711,0,-0.70711,1,0,0.025,1
-0.70711,0,0.70711,0,1,0,-0.70711,0,-0.70711,1,0,0.025,1
-0.70711,0,0.70711,0,1,0,-0.70711,0,-0.70711,1,0,0.025,1
-0.70711,0,0.70711,0,1,0,-0.70711,0,-0.70711,1,0,0.025,1
-0.70711,0,0.70711,0,1,0,-0.70711,0,-0.70711,1,0,0.025,1
-0.70711,0,0.70711,0,1,0,-0.70711,0,-0.70711,1,0,0.025,1
-0.70711,0,0.70711,0,1,0,-0.70711,0,-0.70711,1,0,0.025,1
-0.70711,0,0.70711,0,1,0,-0.70711,0,-0.70711,1,0,0.025,1
-0.70711,0,0.70711,0,1,0,-0.70711,0,-0.70711,1,0,0.025,1
-0.70711,0,0.70711,0,1,0,-0.70711,0,-0.70711,1,0,0.025,1
-0.70711,0,0.70711,0,1,0,-0.70711,0,-0.70711,1,0,0.025,1
-0.70711,0,0.70711,0,1,0,-0.70711,0,-0.70711,1,0,0.025,1
-0.70711,0,0.70711,0,1,0,-0.70711,0,-0.70711,1,0,0.025001,1
-0.70711,0,0.70711,0,1,0,-0.70711,0,-0.70711,1,0,0.02501,1
-0.70711,0,0.70711,0,1,0,-0.70711,0,-0.70711,1,0,0.025032,1
-0.70711,0,0.70711,0,1,0,-0.70711,0,-0.70711,1,0,0.025075,1
-0.70711,0,0.70711,0,1,0,-0.70711,0,-0.70711,1,0,0.025145,1
-0.70711,0,0.70711,0,1,0,-0.70711,0,-0.70711,1,0,0.025247,1
-0.70711,0,0.70711,0,1,0,-0.70711,0,-0.70711,1,0,0.025386,1
-0.70711,0,0.70711,0,1,0,-0.70711,0,-0.70711,1,0,0.025567,1
-0.70711,0,0.70711,0,1,0,-0.70711,0,-0.70711,1,0,0.025795,1
-0.70711,0,0.70711,0,1,0,-0.70711,0,-0.70711,1,0,0.026073,1
-0.70711,0,0.70711,0,1,0,-0.70711,0,-0.70711,1,0,0.026405,1
-0.70711,0,0.70711,0,1,0,-0.70711,0,-0.70711,1,0,0.026795,1
-0.70711,0,0.70711,0,1,0,-0.70711,0,-0.70711,1,0,0.027245,1
-0.70711,0,0.70711,0,1,0,-0.70711,0,-0.70711,1,0,0.027758,1
-0.70711,0,0.70711,0,1,0,-0.70711,0,-0.70711,1,0,0.028336,1
-0.70711,0,0.70711,0,1,0,-0.70711,0,-0.70711,1,0,0.028981,1
-0.70711,0,0.70711,0,1,0,-0.70711,0,-0.70711,1,0,0.029694,1
-0.70711,0,0.70711,0,1,0,-0.70711,0,-0.70711,1,0,0.030478,1
-0.70711,0,0.70711,0,1,0,-0.70711,0,-0.70711,1,0,0.031333,1
-0.70711,0,0.70711,0,1,0,-0.70711,0,-0.70711,1,0,0.032259,1
-0.70711,0,0.70711,0,1,0,-0.70711,0,-0.70711,1,0,0.033258,1
-0.70711,0,0.70711,0,1,0,-0.70711,0,-0.70711,1,0,0.034329,1
-0.70711,0,0.70711,0,1,0,-0.70711,0,-0.70711,1,0,0.035472,1
-0.70711,0,0.70711,0,1,0,-0.70711,0,-0.70711,1,0,0.036686,1
-0.70711,0,0.70711,0,1,0,-0.70711,0,-0.70711,1,0,0.037972,1
-0.70711,0,0.70711,0,1,0,-0.70711,0,-0.70711,1,0,0.039329,1
-0.70711,0,0.70711,0,1,0,-0.70711,0,-0.70711,1,0,0.040755,1
-0.70711,0,0.70711,0,1,0,-0.70711,0,-0.70711,1,0,0.042249,1
-0.70711,0,0.70711,0,1,0,-0.70711,0,-0.70711,1,0,0.043809,1
-0.70711,0,0.70711,0,1,0,-0.70711,0,-0.70711,1,0,0.045435,1
-0.70711,0,0.70711,0,1,0,-0.70711,0,-0.70711,1,0,0.047123,1
-0.70711,0,0.70711,0,1,0,-0.70711,0,-0.70711,1,0,0.048873,1
-0.70711,0,0.70711,0,1,0,-0.70711,0,-0.70711,1,0,0.050681,1
-0.70711,0,0.70711,0,1,0,-0.70711,0,-0.70711,1,0,0.052546,1
-0.70711,0,0.70711,0,1,0,-0.70711,0,-0.70711,1,0,0.054464,1
-0.70711,0,0.70711,0,1,0,-0.70711,0,-0.70711,1,0,0.056434,1
-0.70711,0,0.70711,0,1,0,-0.70711,0,-0.70711,1,0,0.058452,1
-0.70711,0,0.70711,0,1,0,-0.70711,0,-0.70711,1,0,0.060516,1
-0.70711,0,0.70711,0,1,0,-0.70711,0,-0.70711,1,0,0.062621,1
-0.70711,0,0.70711,0,1,0,-0.70711,0,-0.70711,1,0,0.064767,1
-0.70711,0,0.70711,0,1,0,-0.70711,0,-0.70711,1,0,0.066948,1
-0.70711,0,0.70711,0,1,0,-0.70711,0,-0.70711,1,0,0.069161,1
-0.70711,0,0.70711,0,1,0,-0.70711,0,-0.70711,1,0,0.071404,1
-0.70711,0,0.70711,0,1,0,-0.70711,0,-0.70711,1,0,0.073672,1
-0.70711,0,0.70711,0,1,0,-0.70711,0,-0.70711,1,0,0.075963,1
-0.70711,0,0.70711,0,1,0,-0.70711,0,-0.70711,1,0,0.078271,1
-0.70711,0,0.70711,0,1,0,-0.70711,0,-0.70711,1,0,0.080595,1
-0.70711,0,0.70711,0,1,0,-0.70711,0,-0.70711,1,0,0.08293,1
-0.70711,0,0.70711,0,1,0,-0.70711,0,-0.70711,1,0,0.085272,1
-0.70711,0,0.70711,0,1,0,-0.70711,0,-0.70711,1,0,0.087617,1
-0.70711,0,0.70711,0,1,0,-0.70711,0,-0.70711,1,0,0.089963,1
-0.70711,0,0.70711,0,1,0,-0.70711,0,-0.70711,1,0,0.092304,1
-0.70711,0,0.70711,0,1,0,-0.70711,0,-0.70711,1,0,0.094638,1
-0.70711,0,0.70711,0,1,0,-0.70711,0,-0.70711,1,0,0.09696,1
-0.70711,0,0.70711,0,1,0,-0.70711,0,-0.70711,1,0,0.099267,1
-0.70711,0,0.70711,0,1,0,-0.70711,0,-0.70711,1,0,0.10156,1
-0.70711,0,0.70711,0,1,0,-0.70711,0,-0.70711,1,0,0.10382,1
-0.70711,0,0.70711,0,1,0,-0.70711,0,-0.70711,1,0,0.10606,1
-0.70711,0,0.70711,0,1,0,-0.70711,0,-0.70711,1,0,0.10827,1
-0.70711,0,0.70711,0,1,0,-0.70711,0,-0.70711,1,0,0.11045,1
-0.70711,0,0.70711,0,1,0,-0.70711,0,-0.70711,1,0,0.11259,1
-0.70711,0,0.70711,0,1,0,-0.70711,0,-0.70711,1,0,0.11469,1
-0.70711,0,0.70711,0,1,0,-0.70711,0,-0.70711,1,0,0.11675,1
-0.70711,0,0.70711,0,1,0,-0.70711,0,-0.70711,1,0,0.11877,1
-0.70711,0,0.70711,0,1,0,-0.70711,0,-0.70711,1,0,0.12073,1
-0.70711,0,0.70711,0,1,0,-0.70711,0,-0.70711,1,0,0.12264,1
-0.70711,0,0.70711,0,1,0,-0.70711,0,-0.70711,1,0,0.1245,1
-0.70711,0,0.70711,0,1,0,-0.70711,0,-0.70711,1,0,0.1263,1
-0.70711,0,0.70711,0,1,0,-0.70711,0,-0.70711,1,0,0.12805,1
-0.70711,0,0.70711,0,1,0,-0.70711,0,-0.70711,1,0,0.12973,1
-0.70711,0,0.70711,0,1,0,-0.70711,0,-0.70711,1,0,0.13135,1
-0.70711,0,0.70711,0,1,0,-0.70711,0,-0.70711,1,0,0.1329,1
-0.70711,0,0.70711,0,1,0,-0.70711,0,-0.70711,1,0,0.13439,1
-0.70711,0,0.70711,0,1,0,-0.70711,0,-0.70711,1,0,0.13581,1
-0.70711,0,0.70711,0,1,0,-0.70711,0,-0.70711,1,0,0.13716,1
-0.70711,0,0.70711,0,1,0,-0.70711,0,-0.70711,1,0,0.13844,1
-0.70711,0,0.70711,0,1,0,-0.70711,0,-0.70711,1,0,0.13965,1
-0.70711,0,0.70711,0,1,0,-0.70711,0,-0.70711,1,0,0.14078,1
-0.70711,0,0.70711,0,1,0,-0.70711,0,-0.70711,1,0,0.14185,1
-0.70711,0,0.70711,0,1,0,-0.70711,0,-0.70711,1,0,0.14284,1
-0.70711,0,0.70711,0,1,0,-0.70711,0,-0.70711,1,0,0.14376,1
-0.70711,0,0.70711,0,1,0,-0.70711,0,-0.70711,1,0,0.1446,1
-0.70711,0,0.70711,0,1,0,-0.70711,0,-0.70711,1,0,0.14538,1
-0.70711,0,0.70711,0,1,0,-0.70711,0,-0.70711,1,0,0.14609,1
-0.70711,0,0.70711,0,1,0,-0.70711,0,-0.70711,1,0,0.14673,1
-0.70711,0,0.70711,0,1,0,-0.70711,0,-0.70711,1,0,0.1473,1
-0.70711,0,0.70711,0,1,0,-0.70711,0,-0.70711,1,0,0.1478,1
-0.70711,0,0.70711,0,1,0,-0.70711,0,-0.70711,1,0,0.14825,1
-0.70711,0,0.70711,0,1,0,-0.70711,0,-0.70711,1,0,0.14863,1
-0.70711,0,0.70711,0,1,0,-0.70711,0,-0.70711,1,0,0.14896,1
-0.70711,0,0.70711,0,1,0,-0.70711,0,-0.70711,1,0,0.14923,1
-0.70711,0,0.70711,0,1,0,-0.70711,0,-0.70711,1,0,0.14945,1
-0.70711,0,0.70711,0,1,0,-0.70711,0,-0.70711,1,0,0.14963,1
-0.70711,0,0.70711,0,1,0,-0.70711,0,-0.70711,1,0,0.14976,1
-0.70711,0,0.70711,0,1,0,-0.70711,0,-0.70711,1,0,0.14986,1
-0.70711,0,0.70711,0,1,0,-0.70711,0,-0.70711,1,0,0.14993,1
-0.70711,0,0.70711,0,1,0,-0.70711,0,-0.70711,1,0,0.14997,1
-0.70711,0,0.70711,0,1,0,-0.70711,0,-0.70711,1,0,0.14999,1
-0.70711,0,0.70711,0,1,0,-0.70711,0,-0.70711,1,0,0.15,1
-0.70711,0,0.70711,0,1,0,-0.70711,0,-0.70711,1,0,0.15,1
-0.70711,1.552e-05,0.70711,1.0974e-05,1,-1.0974e-05,-0.70711,1.6941e-21,-0.70711,1,-1.552e-05,0.15,1
-0.70711,0.00012229,0.70711,8.647e-05,1,-8.647e-05,-0.70711,0,-0.70711,1,-0.00012229,0.15,1
-0.70711,0.00040646,0.70711,0.00028741,1,-0.00028741,-0.70711,2.7105e-20,-0.70711,1,-0.00040646,0.15,1
-0.70711,0.00094874,0.70711,0.00067086,1,-0.00067086,-0.70711,1.0842e-19,-0.70711,1,-0.00094874,0.15,1
-0.70711,0.0018245,0.70711,0.0012901,1,-0.0012901,-0.70711,2.1684e-19,-0.70711,1,-0.0018245,0.15,1
-0.7071,0.0031039,0.7071,0.0021948,1,-0.0021948,-0.70711,2.1684e-19,-0.70711,1,-0.0031039,0.15,1
-0.7071,0.0048519,0.7071,0.0034308,0.99999,-0.0034308,-0.70711,4.3368e-19,-0.70711,0.99999,-0.0048519,0.15,1
-0.70709,0.0071287,0.70709,0.0050407,0.99997,-0.0050407,-0.70711,4.3368e-19,-0.70711,0.99997,-0.0071287,0.15,1
-0.70707,0.0099892,0.70707,0.0070634,0.99995,-0.0070634,-0.70711,8.6736e-19,-0.70711,0.99995,-0.0099892,0.15,1
-0.70704,0.013484,0.70704,0.0095345,0.99991,-0.0095345,-0.70711,8.6736e-19,-0.70711,0.99991,-0.013484,0.15,1
-0.707,0.017658,0.707,0.012486,0.99984,-0.012486,-0.70711,0,-0.70711,0.99984,-0.017658,0.15,1
-0.70693,0.022553,0.70693,0.015948,0.99975,-0.015948,-0.70711,1.7347e-18,-0.70711,0.99975,-0.022553,0.15,1
-0.70683,0.028206,0.70683,0.019944,0.9996,-0.019944,-0.70711,3.4694e-18,-0.70711,0.9996,-0.028206,0.15,1
-0.70668,0.034647,0.70668,0.024499,0.9994,-0.024499,-0.70711,3.4694e-18,-0.70711,0.9994,-0.034647,0.15,1
-0.70649,0.041905,0.70649,0.029631,0.99912,-0.029631,-0.70711,3.4694e-18,-0.70711,0.99912,-0.041905,0.15,1
-0.70622,0.050002,0.70622,0.035357,0.99875,-0.035357,-0.70711,6.9389e-18,-0.70711,0.99875,-0.050002,0.15,1
-0.70588,0.058958,0.70588,0.041689,0.99826,-0.041689,-0.70711,3.4694e-18,-0.70711,0.99826,-0.058958,0.15,1
-0.70543,0.068786,0.70543,0.048639,0.99763,-0.048639,-0.70711,6.9389e-18,-0.70711,0.99763,-0.068786,0.15,1
-0.70487,0.079497,0.70487,0.056213,0.99684,-0.056213,-0.70711,6.9389e-18,-0.70711,0.99684,-0.079497,0.15,1
-0.70417,0.091096,0.70417,0.064414,0.99584,-0.064414,-0.70711,6.9389e-18,-0.70711,0.99584,-0.091096,0.15,1
-0.7033,0.10358,0.7033,0.073245,0.99462,-0.073245,-0.70711,6.9389e-18,-0.70711,0.99462,-0.10358,0.15,1
-0.70225,0.11696,0.70225,0.082702,0.99314,-0.082702,-0.70711,6.9389e-18,-0.70711,0.99314,-0.11696,0.15,1
-0.70099,0.13121,0.70099,0.092779,0.99135,-0.092779,-0.70711,1.3878e-17,-0.70711,0.99135,-0.13121,0.15,1
-0.6995,0.14633,0.6995,0.10347,0.98924,-0.10347,-0.70711,1.3878e-17,-0.70711,0.98924,-0.14633,0.15,1
-0.69773,0.1623,0.69773,0.11476,0.98674,-0.11476,-0.70711,1.3878e-17,-0.70711,0.98674,-0.1623,0.15,1
-0.69567,0.17909,0.69567,0.12664,0.98383,-0.12664,-0.70711,1.3878e-17,-0.70711,0.98383,-0.17909,0.15,1
-0.69329,0.19669,0.69329,0.13908,0.98047,-0.13908,-0.70711,1.3878e-17,-0.70711,0.98047,-0.19669,0.15,1
-0.69056,0.21506,0.69056,0.15207,0.9766,-0.15207,-0.70711,1.3878e-17,-0.70711,0.9766,-0.21506,0.15,1
-0.68745,0.23417,0.68745,0.16558,0.9722,-0.16558,-0.70711,2.7756e-17,-0.70711,0.9722,-0.23417,0.15,1
-0.68392,0.25398,0.68392,0.17959,0.96721,-0.17959,-0.70711,2.7756e-17,-0.70711,0.96721,-0.25398,0.15,1
-0.67996,0.27444,0.67996,0.19406,0.9616,-0.19406,-0.70711,2.7756e-17,-0.70711,0.9616,-0.27444,0.15,1
-0.67553,0.29551,0.67553,0.20896,0.95534,-0.20896,-0.70711,2.7756e-17,-0.70711,0.95534,-0.29551,0.15,1
-0.6706,0.31714,0.6706,0.22425,0.94838,-0.22425,-0.70711,2.7756e-17,-0.70711,0.94838,-0.31714,0.15,1
-0.66517,0.33928,0.66517,0.23991,0.94069,-0.23991,-0.70711,2.7756e-17,-0.70711,0.94069,-0.33928,0.15,1
-0.65919,0.36186,0.65919,0.25587,0.93223,-0.25587,-0.70711,2.7756e-17,-0.70711,0.93223,-0.36186,0.15,1
-0.65265,0.38482,0.65265,0.27211,0.92299,-0.27211,-0.70711,2.7756e-17,-0.70711,0.92299,-0.38482,0.15,1
-0.64554,0.4081,0.64554,0.28857,0.91294,-0.28857,-0.70711,2.7756e-17,-0.70711,0.91294,-0.4081,0.15,1
-0.63785,0.43163,0.63785,0.30521,0.90205,-0.30521,-0.70711,5.5511e-17,-0.70711,0.90205,-0.43163,0.15,1
-0.62955,0.45535,0.62955,0.32198,0.89031,-0.32198,-0.70711,2.7756e-17,-0.70711,0.89031,-0.45535,0.15,1
-0.62064,0.47918,0.62064,0.33883,0.87772,-0.33883,-0.70711,2.7756e-17,-0.70711,0.87772,-0.47918,0.15,1
-0.61112,0.50305,0.61112,0.35571,0.86426,-0.35571,-0.70711,5.5511e-17,-0.70711,0.86426,-0.50305,0.15,1
-0.60099,0.5269,0.60099,0.37257,0.84993,-0.37257,-0.70711,5.5511e-17,-0.70711,0.84993,-0.5269,0.15,1
-0.59025,0.55064,0.59025,0.38936,0.83474,-0.38936,-0.70711,5.5511e-17,-0.70711,0.83474,-0.55064,0.15,1
-0.57892,0.57421,0.57892,0.40602,0.81871,-0.40602,-0.70711,5.5511e-17,-0.70711,0.81871,-0.57421,0.15,1
-0.56699,0.59753,0.56699,0.42252,0.80185,-0.42252,-0.70711,5.5511e-17,-0.70711,0.80185,-0.59753,0.15,1
-0.5545,0.62054,0.5545,0.43879,0.78418,-0.43879,-0.70711,5.5511e-17,-0.70711,0.78418,-0.62054,0.15,1
-0.54145,0.64317,0.54145,0.45479,0.76572,-0.45479,-0.70711,5.5511e-17,-0.70711,0.76572,-0.64317,0.15,1
-0.52788,0.66535,0.52788,0.47048,0.74653,-0.47048,-0.70711,5.5511e-17,-0.70711,0.74653,-0.66535,0.15,1
-0.5138,0.68703,0.5138,0.48581,0.72663,-0.48581,-0.70711,5.5511e-17,-0.70711,0.72663,-0.68703,0.15,1
-0.49926,0.70815,0.49926,0.50074,0.70606,-0.50074,-0.70711,5.5511e-17,-0.70711,0.70606,-0.70815,0.15,1
-0.48429,0.72865,0.48429,0.51523,0.68489,-0.51523,-0.70711,5.5511e-17,-0.70711,0.68489,-0.72865,0.15,1
-0.46892,0.74848,0.46892,0.52926,0.66316,-0.52926,-0.70711,5.5511e-17,-0.70711,0.66316,-0.74848,0.15,1
-0.4532,0.7676,0.4532,0.54278,0.64092,-0.54278,-0.70711,5.5511e-17,-0.70711,0.64092,-0.7676,0.15,1
-0.43717,0.78598,0.43717,0.55577,0.61825,-0.55577,-0.70711,5.5511e-17,-0.70711,0.61825,-0.78598,0.15,1
-0.42088,0.80357,0.42088,0.56821,0.59521,-0.56821,-0.70711,5.5511e-17,-0.70711,0.59521,-0.80357,0.15,1
-0.40436,0.82035,0.40436,0.58008,0.57186,-0.58008,-0.70711,5.5511e-17,-0.70711,0.57186,-0.82035,0.15,1
-0.38769,0.8363,0.38769,0.59135,0.54827,-0.59135,-0.70711,5.5511e-17,-0.70711,0.54827,-0.8363,0.15,1
-0.37089,0.8514,0.37089,0.60203,0.52452,-0.60203,-0.70711,5.5511e-17,-0.70711,0.52452,-0.8514,0.15,1
-0.35402,0.86564,0.35402,0.6121,0.50067,-0.6121,-0.70711,5.5511e-17,-0.70711,0.50067,-0.86564,0.15,1
-0.33714,0.87901,0.33714,0.62156,0.47679,-0.62156,-0.70711,5.5511e-17,-0.70711,0.47679,-0.87901,0.15,1
-0.3203,0.89152,0.3203,0.6304,0.45297,-0.6304,-0.70711,5.5511e-17,-0.70711,0.45297,-0.89152,0.15,1
-0.30354,0.90318,0.30354,0.63864,0.42927,-0.63864,-0.70711,5.5511e-17,-0.70711,0.42927,-0.90318,0.15,1
-0.28691,0.91398,0.28691,0.64628,0.40576,-0.64628,-0.70711,5.5511e-17,-0.70711,0.40576,-0.91398,0.15,1
-0.27047,0.92395,0.27047,0.65333,0.38251,-0.65333,-0.70711,1.1102e-16,-0.70711,0.38251,-0.92395,0.15,1
