1,0,0,0,1,0,0,0,1,0,0,0.6,0
1,0,1.5034e-06,0,1,0,-1.5034e-06,0,1,6.4964e-07,0,0.6,0
1,0,1.1955e-05,0,1,0,-1.1955e-05,0,1,5.1659e-06,0,0.6,0
1,0,4.0105e-05,0,1,0,-4.0105e-05,0,1,1.733e-05,0,0.60002,0
1,0,9.4489e-05,0,1,0,-9.4489e-05,0,1,4.0831e-05,0,0.60004,0
1,0,0.00018343,0,1,0,-0.00018343,0,1,7.9268e-05,0,0.60007,0
1,0,0.00031504,0,1,0,-0.00031504,0,1,0.00013615,0,0.60013,0
1,0,0.00049722,0,1,0,-0.00049722,0,1,0.0002149,0,0.6002,0
1,0,0.00073767,0,1,0,-0.00073767,0,1,0.00031886,0,0.6003,0
1,0,0.0010439,0,1,0,-0.0010439,0,1,0.00045128,0,0.60042,0
1,0,0.0014231,0,1,0,-0.0014231,0,1,0.00061535,0,0.60058,0
1,0,0.0018825,0,1,0,-0.0018825,0,1,0.00081415,0,0.60077,0
1,0,0.0024288,0,1,0,-0.0024288,0,1,0.0010507,0,0.60099,0
1,0,0.0030689,0,1,0,-0.0030689,0,1,0.001328,0,0.60125,0
0.99999,0,0.0038091,0,1,0,-0.0038091,0,0.99999,0.0016489,0,0.60155,0
0.99999,0,0.0046558,0,1,0,-0.0046558,0,0.99999,0.0020162,0,0.60189,0
0.99998,0,0.0056151,0,1,0,-0.0056151,0,0.99998,0.0024327,0,0.60228,0
0.99998,0,0.0066928,0,1,0,-0.0066928,0,0.99998,0.0029011,0,0.60271,0
0.99997,0,0.0078947,0,1,0,-0.0078947,0,0.99997,0.003424,0,0.6032,0
0.99996,0,0.0092263,0,1,0,-0.0092263,0,0.99996,0.004004,0,0.60373,0
0.99994,0,0.010693,0,1,0,-0.010693,0,0.99994,0.0046437,0,0.60433,0
0.99992,0,0.0123,0,1,0,-0.0123,0,0.99992,0.0053455,0,0.60497,0
0.9999,0,0.014052,0,1,0,-0.014052,0,0.9999,0.006112,0,0.60567,0
0.99987,0,0.015953,0,1,0,-0.015953,0,0.99987,0.0069454,0,0.60643,0
0.99984,0,0.01801,0,1,0,-0.01801,0,0.99984,0.0078481,0,0.60726,0
0.9998,0,0.020225,0,1,0,-0.020225,0,0.9998,0.0088226,0,0.60814,0
0.99974,0,0.022603,0,1,0,-0.022603,0,0.99974,0.009871,0,0.60908,0
0.99968,0,0.025149,0,1,0,-0.025149,0,0.99968,0.010996,0,0.61009,0
0.99961,0,0.027866,0,1,0,-0.027866,0,0.99961,0.012199,0,0.61117,0
0.99953,0,0.030757,0,1,0,-0.030757,0,0.99953,0.013483,0,0.61231,0
0.99943,0,0.033826,0,1,0,-0.033826,0,0.99943,0.014849,0,0.61351,0
0.99931,0,0.037078,0,1,0,-0.037078,0,0.99931,0.016301,0,0.61479,0
0.99918,0,0.040513,0,1,0,-0.040513,0,0.99918,0.01784,0,0.61613,0
0.99903,0,0.044137,0,1,0,-0.044137,0,0.99903,0.019468,0,0.61753,0
0.99885,0,0.04795,0,1,0,-0.04795,0,0.99885,0.021188,0,0.61901,0
0.99865,0,0.051957,0,1,0,-0.051957,0,0.99865,0.023001,0,0.62055,0
0.99842,0,0.056159,0,1,0,-0.056159,0,0.99842,0.024909,0,0.62216,0
0.99816,0,0.060559,0,1,0,-0.060559,0,0.99816,0.026915,0,0.62384,0
0.99787,0,0.065159,0,1,0,-0.065159,0,0.99787,0.02902,0,0.62559,0
0.99755,0,0.06996,0,1,0,-0.06996,0,0.99755,0.031227,0,0.6274,0
0.99719,0,0.074964,0,1,0,-0.074964,0,0.99719,0.033537,0,0.62928,0
0.99678,0,0.080173,0,1,0,-0.080173,0,0.99678,0.035953,0,0.63122,0
0.99633,0,0.085588,0,1,0,-0.085588,0,0.99633,0.038476,0,0.63323,0
0.99583,0,0.091209,0,1,0,-0.091209,0,0.99583,0.041108,0,0.6353,0
0.99528,0,0.097039,0,1,0,-0.097039,0,0.99528,0.043851,0,0.63744,0
0.99467,0,0.10308,0,1,0,-0.10308,0,0.99467,0.046707,0,0.63963,0
0.99401,0,0.10932,0,1,0,-0.10932,0,0.99401,0.049678,0,0.64188,0
0.99327,0,0.11578,0,1,0,-0.11578,0,0.99327,0.052766,0,0.64419,0
0.99248,0,0.12245,0,1,0,-0.12245,0,0.99248,0.055971,0,0.64656,0
0.9916,0,0.12932,0,1,0,-0.12932,0,0.9916,0.059297,0,0.64898,0
0.99065,0,0.13641,0,1,0,-0.13641,0,0.99065,0.062745,0,0.65145,0
0.98962,0,0.1437,0,1,0,-0.1437,0,0.98962,0.066315,0,0.65397,0
0.9885,0,0.1512,0,1,0,-0.1512,0,0.9885,0.070011,0,0.65654,0
0.98729,0,0.15891,0,1,0,-0.15891,0,0.98729,0.073833,0,0.65915,0
0.98599,0,0.16682,0,1,0,-0.16682,0,0.98599,0.077784,0,0.66181,0
0.98458,0,0.17493,0,1,0,-0.17493,0,0.98458,0.081863,0,0.6645,0
0.98307,0,0.18325,0,1,0,-0.18325,0,0.98307,0.086074,0,0.66723,0
0.98144,0,0.19177,0,1,0,-0.19177,0,0.98144,0.090416,0,0.66999,0
0.9797,0,0.20049,0,1,0,-0.20049,0,0.9797,0.094892,0,0.67279,0
0.97783,0,0.2094,0,1,0,-0.2094,0,0.97783,0.099502,0,0.6756,0
0.97584,0,0.21851,0,1,0,-0.21851,0,0.97584,0.10425,0,0.67845,0
0.97371,0,0.2278,0,1,0,-0.2278,0,0.97371,0.10913,0,0.68131,0
0.97144,0,0.23729,0,1,0,-0.23729,0,0.97144,0.11415,0,0.68419,0
0.96903,0,0.24695,0,1,0,-0.24695,0,0.96903,0.11931,0,0.68708,0
0.96646,0,0.2568,0,1,0,-0.2568,0,0.96646,0.12461,0,0.68998,0
0.96375,0,0.26682,0,1,0,-0.26682,0,0.96375,0.13004,0,0.69288,0
0.96086,0,0.27702,0,1,0,-0.27702,0,0.96086,0.13562,0,0.69578,0
0.95782,0,0.28738,0,1,0,-0.28738,0,0.95782,0.14134,0,0.69868,0
0.95459,0,0.29791,0,1,0,-0.29791,0,0.95459,0.1472,0,0.70157,0
0.95119,0,0.30859,0,1,0,-0.30859,0,0.95119,0.1532,0,0.70445,0
0.94761,0,0.31943,0,1,0,-0.31943,0,0.94761,0.15934,0,0.70731,0
0.94383,0,0.33042,0,1,0,-0.33042,0,0.94383,0.16562,0,0.71015,0
0.93986,0,0.34155,0,1,0,-0.34155,0,0.93986,0.17205,0,0.71296,0
0.93569,0,0.35281,0,1,0,-0.35281,0,0.93569,0.17861,0,0.71574,0
0.93132,0,0.36421,0,1,0,-0.36421,0,0.93132,0.18532,0,0.71848,0
0.92673,0,0.37573,0,1,0,-0.37573,0,0.92673,0.19216,0,0.72119,0
0.92193,0,0.38737,0,1,0,-0.38737,0,0.92193,0.19915,0,0.72385,0
0.9169,0,0.39912,0,1,0,-0.39912,0,0.9169,0.20627,0,0.72645,0
0.91165,0,0.41097,0,1,0,-0.41097,0,0.91165,0.21352,0,0.72901,0
0.90617,0,0.42292,0,1,0,-0.42292,0,0.90617,0.22092,0,0.7315,0
0.90045,0,0.43496,0,1,0,-0.43496,0,0.90045,0.22844,0,0.73393,0
0.8945,0,0.44708,0,1,0,-0.44708,0,0.8945,0.2361,0,0.73628,0
0.8883,0,0.45927,0,1,0,-0.45927,0,0.8883,0.24389,0,0.73856,0
0.88185,0,0.47153,0,1,0,-0.47153,0,0.88185,0.25181,0,0.74077,0
0.87516,0,0.48384,0,1,0,-0.48384,0,0.87516,0.25986,0,0.74288,0
0.8682,0,0.49621,0,1,0,-0.49621,0,0.8682,0.26803,0,0.74491,0
0.861,0,0.50861,0,1,0,-0.50861,0,0.861,0.27632,0,0.74684,0
0.85353,0,0.52105,0,1,0,-0.52105,0,0.85353,0.28473,0,0.74867,0
0.8458,0,0.5335,0,1,0,-0.5335,0,0.8458,0.29326,0,0.7504,0
0.8378,0,0.54597,0,1,0,-0.54597,0,0.8378,0.3019,0,0.75202,0
0.82954,0,0.55845,0,1,0,-0.55845,0,0.82954,0.31065,0,0.75352,0
0.82101,0,0.57092,0,1,0,-0.57092,0,0.82101,0.31951,0,0.75491,0
0.8122,0,0.58337,0,1,0,-0.58337,0,0.8122,0.32848,0,0.75617,0
0.80313,0,0.59581,0,1,0,-0.59581,0,0.80313,0.33754,0,0.75731,0
0.79378,0,0.6082,0,1,0,-0.6082,0,0.79378,0.3467,0,0.75831,0
0.78416,0,0.62056,0,1,0,-0.62056,0,0.78416,0.35595,0,0.75918,0
0.77427,0,0.63286,0,1,0,-0.63286,0,0.77427,0.36529,0,0.75991,0
0.7641,0,0.64509,0,1,0,-0.64509,0,0.7641,0.37471,0,0.76049,0
0.75366,0,0.65726,0,1,0,-0.65726,0,0.75366,0.38422,0,0.76093,0
0.74295,0,0.66934,0,1,0,-0.66934,0,0.74295,0.39379,0,0.76122,0
0.73197,0,0.68133,0,1,0,-0.68133,0,0.73197,0.40344,0,0.76135,0
0.72073,0,0.69322,0,1,0,-0.69322,0,0.72073,0.41315,0,0.76133,0
0.70921,0,0.705,0,1,0,-0.705,0,0.70921,0.42293,0,0.76114,0
0.69743,0,0.71665,0,1,0,-0.71665,0,0.69743,0.43276,0,0.76079,0
0.68539,0,0.72818,0,1,0,-0.72818,0,0.68539,0.44263,0,0.76028,0
0.67309,0,0.73956,0,1,0,-0.73956,0,0.67309,0.45256,0,0.75959,0
0.66054,0,0.7508,0,1,0,-0.7508,0,0.66054,0.46252,0,0.75874,0
0.64773,0,0.76187,0,1,0,-0.76187,0,0.64773,0.47251,0,0.75771,0
0.63468,0,0.77278,0,1,0,-0.77278,0,0.63468,0.48254,0,0.75651,0
0.62138,0,0.78351,0,1,0,-0.78351,0,0.62138,0.49258,0,0.75513,0
0.60785,0,0.79405,0,1,0,-0.79405,0,0.60785,0.50264,0,0.75357,0
0.59408,0,0.8044,0,1,0,-0.8044,0,0.59408,0.51272,0,0.75183,0
0.58009,0,0.81455,0,1,0,-0.81455,0,0.58009,0.52279,0,0.74992,0
0.56588,0,0.82449,0,1,0,-0.82449,0,0.56588,0.53287,0,0.74782,0
0.55145,0,0.83421,0,1,0,-0.83421,0,0.55145,0.54294,0,0.74554,0
0.53681,0,0.8437,0,1,0,-0.8437,0,0.53681,0.553,0,0.74307,0
0.52197,0,0.85296,0,1,0,-0.85296,0,0.52197,0.56303,0,0.74043,0
0.50694,0,0.86198,0,1,0,-0.86198,0,0.50694,0.57305,0,0.7376,0
0.49172,0,0.87075,0,1,0,-0.87075,0,0.49172,0.58303,0,0.73459,0
0.47632,0,0.87927,0,1,0,-0.87927,0,0.47632,0.59297,0,0.7314,0
0.46076,0,0.88753,0,1,0,-0.88753,0,0.46076,0.60287,0,0.72804,0
0.44502,0,0.89552,0,1,0,-0.89552,0,0.44502,0.61273,0,0.72449,0
0.42914,0,0.90324,0,1,0,-0.90324,0,0.42914,0.62252,0,0.72077,0
0.41311,0,0.91068,0,1,0,-0.91068,0,0.41311,0.63226,0,0.71687,0
0.39694,0,0.91785,0,1,0,-0.91785,0,0.39694,0.64193,0,0.71279,0
0.38064,0,0.92472,0,1,0,-0.92472,0,0.38064,0.65154,0,0.70855,0
0.36422,0,0.93131,0,1,0,-0.93131,0,0.36422,0.66106,0,0.70414,0
0.3477,0,0.93761,0,1,0,-0.93761,0,0.3477,0.6705,0,0.69956,0
0.33108,0,0.9436,0,1,0,-0.9436,0,0.33108,0.67986,0,0.69481,0
0.31436,0,0.9493,0,1,0,-0.9493,0,0.31436,0.68912,0,0.68991,0
0.29757,0,0.9547,0,1,0,-0.9547,0,0.29757,0.69828,0,0.68485,0
0.2807,0,0.95979,0,1,0,-0.95979,0,0.2807,0.70735,0,0.67963,0
0.26378,0,0.96458,0,1,0,-0.96458,0,0.26378,0.7163,0,0.67427,0
0.2468,0,0.96907,0,1,0,-0.96907,0,0.2468,0.72514,0,0.66876,0
0.22979,0,0.97324,0,1,0,-0.97324,0,0.22979,0.73387,0,0.6631,0
0.21274,0,0.97711,0,1,0,-0.97711,0,0.21274,0.74247,0,0.65731,0
0.19568,0,0.98067,0,1,0,-0.98067,0,0.19568,0.75095,0,0.65138,0
0.1786,0,0.98392,0,1,0,-0.98392,0,0.1786,0.75931,0,0.64533,0
0.16152,0,0.98687,0,1,0,-0.98687,0,0.16152,0.76753,0,0.63915,0
0.14446,0,0.98951,0,1,0,-0.98951,0,0.14446,0.77561,0,0.63285,0
0.12741,0,0.99185,0,1,0,-0.99185,0,0.12741,0.78356,0,0.62643,0
0.11039,0,0.99389,0,1,0,-0.99389,0,0.11039,0.79136,0,0.61991,0
0.093413,0,0.99563,0,1,0,-0.99563,0,0.093413,0.79902,0,0.61328,0
0.076483,0,0.99707,0,1,0,-0.99707,0,0.076483,0.80653,0,0.60655,0
0.059612,0,0.99822,0,1,0,-0.99822,0,0.059612,0.81389,0,0.59973,0
0.042808,0,0.99908,0,1,0,-0.99908,0,0.042808,0.8211,0,0.59282,0
0.026081,0,0.99966,0,1,0,-0.99966,0,0.026081,0.82815,0,0.58583,0
0.00944,0,0.99996,0,1,0,-0.99996,0,0.00944,0.83505,0,0.57876,0
-0.0071065,0,0.99997,0,1,0,-0.99997,0,-0.0071065,0.84179,0,0.57161,0
-0.02355,0,0.99972,0,1,0,-0.99972,0,-0.02355,0.84837,0,0.56441,0
-0.039881,0,0.9992,0,1,0,-0.9992,0,-0.039881,0.85479,0,0.55714,0
-0.056093,0,0.99843,0,1,0,-0.99843,0,-0.056093,0.86105,0,0.54982,0
-0.072177,0,0.99739,0,1,0,-0.99739,0,-0.072177,0.86714,0,0.54245,0
-0.088125,0,0.99611,0,1,0,-0.99611,0,-0.088125,0.87308,0,0.53503,0
-0.10393,0,0.99458,0,1,0,-0.99458,0,-0.10393,0.87885,0,0.52758,0
-0.11959,0,0.99282,0,1,0,-0.99282,0,-0.11959,0.88446,0,0.5201,0
-0.13508,0,0.99083,0,1,0,-0.99083,0,-0.13508,0.8899,0,0.5126,0
-0.15042,0,0.98862,0,1,0,-0.98862,0,-0.15042,0.89518,0,0.50507,0
-0.16558,0,0.9862,0,1,0,-0.9862,0,-0.16558,0.9003,0,0.49753,0
-0.18057,0,0.98356,0,1,0,-0.98356,0,-0.18057,0.90526,0,0.48998,0
-0.19537,0,0.98073,0,1,0,-0.98073,0,-0.19537,0.91006,0,0.48243,0
-0.20999,0,0.9777,0,1,0,-0.9777,0,-0.20999,0.9147,0,0.47489,0
-0.22441,0,0.97449,0,1,0,-0.97449,0,-0.22441,0.91918,0,0.46735,0
-0.23864,0,0.97111,0,1,0,-0.97111,0,-0.23864,0.9235,0,0.45982,0
-0.25266,0,0.96755,0,1,0,-0.96755,0,-0.25266,0.92767,0,0.45232,0
-0.26648,0,0.96384,0,1,0,-0.96384,0,-0.26648,0.93169,0,0.44484,0
-0.28008,0,0.95998,0,1,0,-0.95998,0,-0.28008,0.93555,0,0.43739,0
-0.29347,0,0.95597,0,1,0,-0.95597,0,-0.29347,0.93927,0,0.42997,0
-0.30664,0,0.95183,0,1,0,-0.95183,0,-0.30664,0.94283,0,0.4226,0
-0.31959,0,0.94756,0,1,0,-0.94756,0,-0.31959,0.94626,0,0.41526,0
-0.33231,0,0.94317,0,1,0,-0.94317,0,-0.33231,0.94954,0,0.40798,0
-0.34481,0,0.93867,0,1,0,-0.93867,0,-0.34481,0.95268,0,0.40075,0
-0.35708,0,0.93407,0,1,0,-0.93407,0,-0.35708,0.95568,0,0.39358,0
-0.36912,0,0.92938,0,1,0,-0.92938,0,-0.36912,0.95855,0,0.38647,0
-0.38092,0,0.92461,0,1,0,-0.92461,0,-0.38092,0.96129,0,0.37943,0
-0.39248,0,0.91976,0,1,0,-0.91976,0,-0.39248,0.9639,0,0.37246,0
-0.40382,0,0.91484,0,1,0,-0.91484,0,-0.40382,0.96638,0,0.36556,0
-0.41491,0,0.90986,0,1,0,-0.90986,0,-0.41491,0.96875,0,0.35874,0
-0.42576,0,0.90483,0,1,0,-0.90483,0,-0.42576,0.97099,0,0.35201,0
-0.43638,0,0.89976,0,1,0,-0.89976,0,-0.43638,0.97312,0,0.34535,0
-0.44676,0,0.89465,0,1,0,-0.89465,0,-0.44676,0.97513,0,0.33879,0
-0.4569,0,0.88952,0,1,0,-0.88952,0,-0.4569,0.97704,0,0.33232,0
-0.4668,0,0.88436,0,1,0,-0.88436,0,-0.4668,0.97884,0,0.32595,0
-0.47646,0,0.8792,0,1,0,-0.8792,0,-0.47646,0.98053,0,0.31967,0
-0.48589,0,0.87402,0,1,0,-0.87402,0,-0.48589,0.98213,0,0.31349,0
-0.49507,0,0.86885,0,1,0,-0.86885,0,-0.49507,0.98364,0,0.30742,0
-0.50403,0,0.86369,0,1,0,-0.86369,0,-0.50403,0.98505,0,0.30145,0
-0.51274,0,0.85854,0,1,0,-0.85854,0,-0.51274,0.98637,0,0.29559,0
-0.52122,0,0.85342,0,1,0,-0.85342,0,-0.52122,0.98761,0,0.28984,0
-0.52948,0,0.84832,0,1,0,-0.84832,0,-0.52948,0.98876,0,0.2842,0
-0.5375,0,0.84327,0,1,0,-0.84327,0,-0.5375,0.98984,0,0.27868,0
-0.54529,0,0.83825,0,1,0,-0.83825,0,-0.54529,0.99084,0,0.27327,0
-0.55285,0,0.83328,0,1,0,-0.83328,0,-0.55285,0.99177,0,0.26798,0
-0.56019,0,0.82836,0,1,0,-0.82836,0,-0.56019,0.99263,0,0.26281,0
-0.56731,0,0.8235,0,1,0,-0.8235,0,-0.56731,0.99343,0,0.25776,0
-0.57421,0,0.81871,0,1,0,-0.81871,0,-0.57421,0.99416,0,0.25283,0
-0.58089,0,0.81398,0,1,0,-0.81398,0,-0.58089,0.99484,0,0.24802,0
-0.58735,0,0.80933,0,1,0,-0.80933,0,-0.58735,0.99546,0,0.24333,0
-0.59361,0,0.80476,0,1,0,-0.80476,0,-0.59361,0.99602,0,0.23877,0
-0.59965,0,0.80026,0,1,0,-0.80026,0,-0.59965,0.99654,0,0.23433,0
-0.60548,0,0.79586,0,1,0,-0.79586,0,-0.60548,0.99701,0,0.23002,0
-0.61111,0,0.79154,0,1,0,-0.79154,0,-0.61111,0.99744,0,0.22583,0
-0.61654,0,0.78732,0,1,0,-0.78732,0,-0.61654,0.99782,0,0.22177,0
-0.62177,0,0.7832,0,1,0,-0.7832,0,-0.62177,0.99817,0,0.21783,0
-0.6268,0,0.77918,0,1,0,-0.77918,0,-0.6268,0.99847,0,0.21402,0
-0.63165,0,0.77526,0,1,0,-0.77526,0,-0.63165,0.99875,0,0.21033,0
-0.6363,0,0.77144,0,1,0,-0.77144,0,-0.6363,0.999,0,0.20677,0
-0.64076,0,0.76774,0,1,0,-0.76774,0,-0.64076,0.99921,0,0.20333,0
-0.64505,0,0.76414,0,1,0,-0.76414,0,-0.64505,0.9994,0,0.20002,0
-0.64915,0,0.76066,0,1,0,-0.76066,0,-0.64915,0.99956,0,0.19683,0
-0.65307,0,0.75729,0,1,0,-0.75729,0,-0.65307,0.99971,0,0.19376,0
-0.65683,0,0.75404,0,1,0,-0.75404,0,-0.65683,0.99983,0,0.19082,0
-0.66041,0,0.75091,0,1,0,-0.75091,0,-0.66041,0.99993,0,0.188,0
-0.66383,0,0.74789,0,1,0,-0.74789,0,-0.66383,1,0,0.18529,0
-0.66708,0,0.74499,0,1,0,-0.74499,0,-0.66708,1.0001,0,0.18271,0
-0.67017,0,0.74221,0,1,0,-0.74221,0,-0.67017,1.0001,0,0.18024,0
-0.67311,0,0.73955,0,1,0,-0.73955,0,-0.67311,1.0002,0,0.17789,0
-0.67589,0,0.737,0,1,0,-0.737,0,-0.67589,1.0002,0,0.17565,0
-0.67852,0,0.73458,0,1,0,-0.73458,0,-0.67852,1.0002,0,0.17353,0
-0.68101,0,0.73227,0,1,0,-0.73227,0,-0.68101,1.0003,0,0.17151,0
-0.68336,0,0.73008,0,1,0,-0.73008,0,-0.68336,1.0003,0,0.16961,0
-0.68556,0,0.72801,0,1,0,-0.72801,0,-0.68556,1.0003,0,0.16781,0
-0.68763,0,0.72606,0,1,0,-0.72606,0,-0.68763,1.0003,0,0.16612,0
-0.68957,0,0.72422,0,1,0,-0.72422,0,-0.68957,1.0003,0,0.16454,0
-0.69138,0,0.72249,0,1,0,-0.72249,0,-0.69138,1.0003,0,0.16305,0
-0.69307,0,0.72087,0,1,0,-0.72087,0,-0.69307,1.0002,0,0.16166,0
-0.69464,0,0.71936,0,1,0,-0.71936,0,-0.69464,1.0002,0,0.16037,0
-0.69609,0,0.71796,0,1,0,-0.71796,0,-0.69609,1.0002,0,0.15918,0
-0.69742,0,0.71666,0,1,0,-0.71666,0,-0.69742,1.0002,0,0.15807,0
-0.69865,0,0.71546,0,1,0,-0.71546,0,-0.69865,1.0002,0,0.15705,0
-0.69978,0,0.71436,0,1,0,-0.71436,0,-0.69978,1.0002,0,0.15612,0
-0.7008,0,0.71336,0,1,0,-0.71336,0,-0.7008,1.0001,0,0.15527,0
-0.70172,0,0.71245,0,1,0,-0.71245,0,-0.70172,1.0001,0,0.1545,0
-0.70256,0,0.71163,0,1,0,-0.71163,0,-0.70256,1.0001,0,0.1538,0
-0.7033,0,0.71089,0,1,0,-0.71089,0,-0.7033,1.0001,0,0.15318,0
-0.70396,0,0.71024,0,1,0,-0.71024,0,-0.70396,1.0001,0,0.15263,0
-0.70455,0,0.70966,0,1,0,-0.70966,0,-0.70455,1.0001,0,0.15214,0
-0.70505,0,0.70915,0,1,0,-0.70915,0,-0.70505,1,0,0.15172,0
-0.70549,0,0.70872,0,1,0,-0.70872,0,-0.70549,1,0,0.15135,0
-0.70586,0,0.70835,0,1,0,-0.70835,0,-0.70586,1,0,0.15104,0
-0.70617,0,0.70804,0,1,0,-0.70804,0,-0.70617,1,0,0.15078,0
-0.70643,0,0.70779,0,1,0,-0.70779,0,-0.70643,1,0,0.15057,0
-0.70663,0,0.70758,0,1,0,-0.70758,0,-0.70663,1,0,0.1504,0
-0.70679,0,0.70742,0,1,0,-0.70742,0,-0.70679,1,0,0.15026,0
-0.70691,0,0.7073,0,1,0,-0.7073,0,-0.70691,1,0,0.15016,0
-0.707,0,0.70722,0,1,0,-0.70722,0,-0.707,1,0,0.15009,0
-0.70705,0,0.70716,0,1,0,-0.70716,0,-0.70705,1,0,0.15005,0
-0.70708,0,0.70713,0,1,0,-0.70713,0,-0.70708,1,0,0.15002,0
-0.7071,0,0.70711,0,1,0,-0.70711,0,-0.7071,1,0,0.15,0
-0.70711,0,0.70711,0,1,0,-0.70711,0,-0.70711,1,0,0.15,0
-0.70711,0,0.70711,0,1,0,-0.70711,0,-0.70711,1,0,0.15,0
-0.70711,0,0.70711,0,1,0,-0.70711,0,-0.70711,1,0,0.15,0
-0.70711,0,0.70711,0,1,0,-0.70711,0,-0.70711,1,0,0.14999,0
-0.70711,0,0.70711,0,1,0,-0.70711,0,-0.70711,1,0,0.14997,0
-0.70711,0,0.70711,0,1,0,-0.70711,0,-0.70711,1,0,0.14992,0
-0.70711,0,0.70711,0,1,0,-0.70711,0,-0.70711,1,0,0.14985,0
-0.70711,0,0.70711,0,1,0,-0.70711,0,-0.70711,1,0,0.14975,0
-0.70711,0,0.70711,0,1,0,-0.70711,0,-0.70711,1,0,0.14961,0
-0.70711,0,0.70711,0,1,0,-0.70711,0,-0.70711,1,0,0.14943,0
-0.70711,0,0.70711,0,1,0,-0.70711,0,-0.70711,1,0,0.1492,0
-0.70711,0,0.70711,0,1,0,-0.70711,0,-0.70711,1,0,0.14892,0
-0.70711,0,0.70711,0,1,0,-0.70711,0,-0.70711,1,0,0.14859,0
-0.70711,0,0.70711,0,1,0,-0.70711,0,-0.70711,1,0,0.1482,0
-0.70711,0,0.70711,0,1,0,-0.70711,0,-0.70711,1,0,0.14775,0
-0.70711,0,0.70711,0,1,0,-0.70711,0,-0.70711,1,0,0.14723,0
-0.70711,0,0.70711,0,1,0,-0.70711,0,-0.70711,1,0,0.14665,0
-0.70711,0,0.70711,0,1,0,-0.70711,0,-0.70711,1,0,0.146,0
-0.70711,0,0.70711,0,1,0,-0.70711,0,-0.70711,1,0,0.14529,0
-0.70711,0,0.70711,0,1,0,-0.70711,0,-0.70711,1,0,0.1445,0
-0.70711,0,0.70711,0,1,0,-0.70711,0,-0.70711,1,0,0.14364,0
-0.70711,0,0.70711,0,1,0,-0.70711,0,-0.70711,1,0,0.14271,0
-0.70711,0,0.70711,0,1,0,-0.70711,0,-0.70711,1,0,0.14171,0
-0.70711,0,0.70711,0,1,0,-0.70711,0,-0.70711,1,0,0.14063,0
-0.70711,0,0.70711,0,1,0,-0.70711,0,-0.70711,1,0,0.13949,0
-0.70711,0,0.70711,0,1,0,-0.70711,0,-0.70711,1,0,0.13827,0
-0.70711,0,0.70711,0,1,0,-0.70711,0,-0.70711,1,0,0.13698,0
-0.70711,0,0.70711,0,1,0,-0.70711,0,-0.70711,1,0,0.13562,0
-0.70711,0,0.70711,0,1,0,-0.70711,0,-0.70711,1,0,0.13419,0
-0.70711,0,0.70711,0,1,0,-0.70711,0,-0.70711,1,0,0.13269,0
-0.70711,0,0.70711,0,1,0,-0.70711,0,-0.70711,1,0,0.13112,0
-0.70711,0,0.70711,0,1,0,-0.70711,0,-0.70711,1,0,0.12949,0
-0.70711,0,0.70711,0,1,0,-0.70711,0,-0.70711,1,0,0.1278,0
-0.70711,0,0.70711,0,1,0,-0.70711,0,-0.70711,1,0,0.12604,0
-0.70711,0,0.70711,0,1,0,-0.70711,0,-0.70711,1,0,0.12423,0
-0.70711,0,0.70711,0,1,0,-0.70711,0,-0.70711,1,0,0.12236,0
-0.70711,0,0.70711,0,1,0,-0.70711,0,-0.70711,1,0,0.12043,0
-0.70711,0,0.70711,0,1,0,-0.70711,0,-0.70711,1,0,0.11846,0
-0.70711,0,0.70711,0,1,0,-0.70711,0,-0.70711,1,0,0.11643,0
-0.70711,0,0.70711,0,1,0,-0.70711,0,-0.70711,1,0,0.11437,0
-0.70711,0,0.70711,0,1,0,-0.70711,0,-0.70711,1,0,0.11225,0
-0.70711,0,0.70711,0,1,0,-0.70711,0,-0.70711,1,0,0.1101,0
-0.70711,0,0.70711,0,1,0,-0.70711,0,-0.70711,1,0,0.10792,0
-0.70711,0,0.70711,0,1,0,-0.70711,0,-0.70711,1,0,0.1057,0
-0.70711,0,0.70711,0,1,0,-0.70711,0,-0.70711,1,0,0.10345,0
-0.70711,0,0.70711,0,1,0,-0.70711,0,-0.70711,1,0,0.10118,0
-0.70711,0,0.70711,0,1,0,-0.70711,0,-0.70711,1,0,0.098882,0
-0.70711,0,0.70711,0,1,0,-0.70711,0,-0.70711,1,0,0.096568,0
-0.70711,0,0.70711,0,1,0,-0.70711,0,-0.70711,1,0,0.09424,0
-0.70711,0,0.70711,0,1,0,-0.70711,0,-0.70711,1,0,0.091901,0
-0.70711,0,0.70711,0,1,0,-0.70711,0,-0.70711,1,0,0.089555,0
-0.70711,0,0.70711,0,1,0,-0.70711,0,-0.70711,1,0,0.087206,0
-0.70711,0,0.70711,0,1,0,-0.70711,0,-0.70711,1,0,0.084858,0
-0.70711,0,0.70711,0,1,0,-0.70711,0,-0.70711,1,0,0.082513,0
-0.70711,0,0.70711,0,1,0,-0.70711,0,-0.70711,1,0,0.080177,0
-0.70711,0,0.70711,0,1,0,-0.70711,0,-0.70711,1,0,0.077852,0
-0.70711,0,0.70711,0,1,0,-0.70711,0,-0.70711,1,0,0.075543,0
-0.70711,0,0.70711,0,1,0,-0.70711,0,-0.70711,1,0,0.073253,0
-0.70711,0,0.70711,0,1,0,-0.70711,0,-0.70711,1,0,0.070985,0
-0.70711,0,0.70711,0,1,0,-0.70711,0,-0.70711,1,0,0.068744,0
-0.70711,0,0.70711,0,1,0,-0.70711,0,-0.70711,1,0,0.066533,0
-0.70711,0,0.70711,0,1,0,-0.70711,0,-0.70711,1,0,0.064356,0
-0.70711,0,0.70711,0,1,0,-0.70711,0,-0.70711,1,0,0.062215,0
-0.70711,0,0.70711,0,1,0,-0.70711,0,-0.70711,1,0,0.060113,0
-0.70711,0,0.70711,0,1,0,-0.70711,0,-0.70711,1,0,0.058055,0
-0.70711,0,0.70711,0,1,0,-0.70711,0,-0.70711,1,0,0.056043,0
-0.70711,0,0.70711,0,1,0,-0.70711,0,-0.70711,1,0,0.054081,0
-0.70711,0,0.70711,0,1,0,-0.70711,0,-0.70711,1,0,0.05217,0
-0.70711,0,0.70711,0,1,0,-0.70711,0,-0.70711,1,0,0.050313,0
-0.70711,0,0.70711,0,1,0,-0.70711,0,-0.70711,1,0,0.048514,0
-0.70711,0,0.70711,0,1,0,-0.70711,0,-0.70711,1,0,0.046774,0
-0.70711,0,0.70711,0,1,0,-0.70711,0,-0.70711,1,0,0.045096,0
-0.70711,0,0.70711,0,1,0,-0.70711,0,-0.70711,1,0,0.043481,0
-0.70711,0,0.70711,0,1,0,-0.70711,0,-0.70711,1,0,0.041932,0
-0.70711,0,0.70711,0,1,0,-0.70711,0,-0.70711,1,0,0.04045,0
-0.70711,0,0.70711,0,1,0,-0.70711,0,-0.70711,1,0,0.039037,0
-0.70711,0,0.70711,0,1,0,-0.70711,0,-0.70711,1,0,0.037693,0
-0.70711,0,0.70711,0,1,0,-0.70711,0,-0.70711,1,0,0.03642,0
-0.70711,0,0.70711,0,1,0,-0.70711,0,-0.70711,1,0,0.035219,0
-0.70711,0,0.70711,0,1,0,-0.70711,0,-0.70711,1,0,0.03409,0
-0.70711,0,0.70711,0,1,0,-0.70711,0,-0.70711,1,0,0.033033,0
-0.70711,0,0.70711,0,1,0,-0.70711,0,-0.70711,1,0,0.032049,0
-0.70711,0,0.70711,0,1,0,-0.70711,0,-0.70711,1,0,0.031137,0
-0.70711,0,0.70711,0,1,0,-0.70711,0,-0.70711,1,0,0.030297,0
-0.70711,0,0.70711,0,1,0,-0.70711,0,-0.70711,1,0,0.029528,0
-0.70711,0,0.70711,0,1,0,-0.70711,0,-0.70711,1,0,0.028829,0
-0.70711,0,0.70711,0,1,0,-0.70711,0,-0.70711,1,0,0.028198,0
-0.70711,0,0.70711,0,1,0,-0.70711,0,-0.70711,1,0,0.027634,0
-0.70711,0,0.70711,0,1,0,-0.70711,0,-0.70711,1,0,0.027135,0
-0.70711,0,0.70711,0,1,0,-0.70711,0,-0.70711,1,0,0.026699,0
-0.70711,0,0.70711,0,1,0,-0.70711,0,-0.70711,1,0,0.026323,0
-0.70711,0,0.70711,0,1,0,-0.70711,0,-0.70711,1,0,0.026003,0
-0.70711,0,0.70711,0,1,0,-0.70711,0,-0.70711,1,0,0.025737,0
-0.70711,0,0.70711,0,1,0,-0.70711,0,-0.70711,1,0,0.02552,0
-0.70711,0,0.70711,0,1,0,-0.70711,0,-0.70711,1,0,0.025349,0
-0.70711,0,0.70711,0,1,0,-0.70711,0,-0.70711,1,0,0.025219,0
-0.70711,0,0.70711,0,1,0,-0.70711,0,-0.70711,1,0,0.025126,0
-0.70711,0,0.70711,0,1,0,-0.70711,0,-0.70711,1,0,0.025063,0
-0.70711,0,0.70711,0,1,0,-0.70711,0,-0.70711,1,0,0.025025,0
-0.70711,0,0.70711,0,1,0,-0.70711,0,-0.70711,1,0,0.025007,0
-0.70711,0,0.70711,0,1,0,-0.70711,0,-0.70711,1,0,0.025001,0
-0.70711,0,0.70711,0,1,0,-0.70711,0,-0.70711,1,0,0.025,1
-0.70711,0,0.70711,0,1,0,-0.70711,0,-0.70711,1,0,0.025,1
-0.70711,0,0.70711,0,1,0,-0.70711,0,-0.70711,1,0,0.025,1
-0.70711,0,0.70711,0,1,0,-0.70711,0,-0.70711,1,0,0.025,1
-0.70711,0,0.70711,0,1,0,-0.70711,0,-0.70711,1,0,0.025,1
-0.70711,0,0.70711,0,1,0,-0.70711,0,-0.70711,1,0,0.025,1
-0.70711,0,0.70711,0,1,0,-0.70711,0,-0.70711,1,0,0.025,1
-0.70711,0,0.70711,0,1,0,-0.70711,0,-0.70711,1,0,0.025,1
-0.70711,0,0.70711,0,1,0,-0.70711,0,-0.70711,1,0,0.025,1
-0.70711,0,0.70711,0,1,0,-0.70711,0,-0.70711,1,0,0.025,1
-0.70711,0,0.70711,0,1,0,-0.70711,0,-0.70711,1,0,0.025,1
-0.70711,0,0.70711,0,1,0,-0.70711,0,-0.70711,1,0,0.025,1
-0.70711,0,0.70711,0,1,0,-0.70711,0,-0.70711,1,0,0.025,1
-0.70711,0,0.70711,0,1,0,-0.70711,0,-0.70711,1,0,0.025,1
-0.70711,0,0.70711,0,1,0,-0.70711,0,-0.70711,1,0,0.025,1
-0.70711,0,0.70711,0,1,0,-0.70711,0,-0.70711,1,0,0.025,1
-0.70711,0,0.70711,0,1,0,-0.70711,0,-0.70711,1,0,0.025,1
-0.70711,0,0.70711,0,1,0,-0.70711,0,-0.70711,1,0,0.025,1
-0.70711,0,0.70711,0,1,0,-0.70711,0,-0.70711,1,0,0.025,1
-0.70711,0,0.70711,0,1,0,-0.70711,0,-0.70711,1,0,0.025,1
-0.70711,0,0.70711,0,1,0,-0.70711,0,-0.70711,1,0,0.025,1
-0.70711,0,0.70711,0,1,0,-0.70711,0,-0.70711,1,0,0.025,1
-0.70711,0,0.70711,0,1,0,-0.70711,0,-0.70711,1,0,0.025,1
-0.70711,0,0.70711,0,1,0,-0.70711,0,-0.70711,1,0,0.025,1
-0.70711,0,0.70711,0,1,0,-0.70711,0,-0.70711,1,0,0.025,1
-0.70711,0,0.70711,0,1,0,-0.70711,0,-0.70711,1,0,0.025,1
-0.70711,0,0.70711,0,1,0,-0.70711,0,-0.70711,1,0,0.025,1
-0.70711,0,0.70711,0,1,0,-0.70711,0,-0.70711,1,0,0.025,1
-0.70711,0,0.70711,0,1,0,-0.70711,0,-0.70711,1,0,0.025,1
-0.70711,0,0.70711,0,1,0,-0.70711,0,-0.70711,1,0,0.025,1
-0.70711,0,0.70711,0,1,0,-0.70711,0,-0.70711,1,0,0.025,1
-0.70711,0,0.70711,0,1,0,-0.70711,0,-0.70711,1,0,0.025,1
-0.70711,0,0.70711,0,1,0,-0.70711,0,-0.70711,1,0,0.025,1
-0.70711,0,0.70711,0,1,0,-0.70711,0,-0.70711,1,0,0.025,1
-0.70711,0,0.70711,0,1,0,-0.70711,0,-0.70711,1,0,0.025,1
-0.70711,0,0.70711,0,1,0,-0.70711,0,-0.70711,1,0,0.025,1
-0.70711,0,0.70711,0,1,0,-0.70711,0,-0.70711,1,0,0.025,1
-0.70711,0,0.70711,0,1,0,-0.70711,0,-0.70711,1,0,0.025,1
-0.70711,0,0.70711,0,1,0,-0.70711,0,-0.70711,1,0,0.025,1
-0.70711,0,0.70711,0,1,0,-0.70711,0,-0.70711,1,0,0.025,1
-0.70711,0,0.70711,0,1,0,-0.70711,0,-0.70711,1,0,0.025,1
-0.70711,0,0.70711,0,1,0,-0.70711,0,-0.70711,1,0,0.025,1
-0.70711,0,0.70711,0,1,0,-0.70711,0,-0.70711,1,0,0.025,1
-0.70711,0,0.70711,0,1,0,-0.70711,0,-0.70711,1,0,0.025,1
-0.70711,0,0.70711,0,1,0,-0.70711,0,-0.70711,1,0,0.025,1
-0.70711,0,0.70711,0,1,0,-0.70711,0,-0.70711,1,0,0.025,1
-0.70711,0,0.70711,0,1,0,-0.70711,0,-0.70711,1,0,0.025,1
-0.70711,0,0.70711,0,1,0,-0.70711,0,-0.70711,1,0,0.025,1
-0.70711,0,0.70711,0,1,0,-0.70711,0,-0.70711,1,0,0.025,1
-0.70711,0,0.70711,0,1,0,-0.70711,0,-0.70711,1,0,0.025,1
-0.70711,0,0.70711,0,1,0,-0.70711,0,-0.70711,1,0,0.025,1
-0.70711,0,0.70711,0,1,0,-0.70711,0,-0.70711,1,0,0.025,1
-0.70711,0,0.70711,0,1,0,-0.70711,0,-0.70711,1,0,0.025,1
-0.70711,0,0.70711,0,1,0,-0.70711,0,-0.70711,1,0,0.025,1
-0.70711,0,0.70711,0,1,0,-0.70711,0,-0.70711,1,0,0.025,1
-0.70711,0,0.70711,0,1,0,-0.70711,0,-0.70711,1,0,0.025,1
-0.70711,0,0.70711,0,1,0,-0.70711,0,-0.70711,1,0,0.025,1
-0.70711,0,0.70711,0,1,0,-0.70711,0,-0.70711,1,0,0.025,1
-0.70711,0,0.70711,0,1,0,-0.70711,0,-0.70711,1,0,0.025,1
-0.70711,0,0.70711,0,1,0,-0.70711,0,-0.70711,1,0,0.025,1
-0.70711,0,0.70711,0,1,0,-0.70711,0,-0.70711,1,0,0.025,1
-0.70711,0,0.70711,0,1,0,-0.70711,0,-0.70711,1,0,0.025,1
-0.70711,0,0.70711,0,1,0,-0.70711,0,-0.70711,1,0,0.025,1
-0.70711,0,0.70711,0,1,0,-0.70711,0,-0.70711,1,0,0.025,1
-0.70711,0,0.70711,0,1,0,-0.70711,0,-0.70711,1,0,0.025,1
-0.70711,0,0.70711,0,1,0,-0.70711,0,-0.70711,1,0,0.025,1
-0.70711,0,0.70711,0,1,0,-0.70711,0,-0.70711,1,0,0.025,1
-0.70711,0,0.70711,0,1,0,-0.70711,0,-0.70711,1,0,0.025,1
-0.70711,0,0.70711,0,1,0,-0.70711,0,-0.70711,1,0,0.025,1
-0.70711,0,0.70711,0,1,0,-0.70711,0,-0.70711,1,0,0.025,1
-0.70711,0,0.70711,0,1,0,-0.70711,0,-0.70711,1,0,0.025,1
-0.70711,0,0.70711,0,1,0,-0.70711,0,-0.70711,1,0,0.025,1
-0.70711,0,0.70711,0,1,0,-0.70711,0,-0.70711,1,0,0.025,1
-0.70711,0,0.70711,0,1,0,-0.70711,0,-0.70711,1,0,0.025,1
-0.70711,0,0.70711,0,1,0,-0.70711,0,-0.70711,1,0,0.025,1
-0.70711,0,0.70711,0,1,0,-0.70711,0,-0.70711,1,0,0.025,1
-0.70711,0,0.70711,0,1,0,-0.70711,0,-0.70711,1,0,0.025,1
-0.70711,0,0.70711,0,1,0,-0.70711,0,-0.70711,1,0,0.025,1
-0.70711,0,0.70711,0,1,0,-0.70711,0,-0.70711,1,0,0.025,1
-0.70711,0,0.70711,0,1,0,-0.70711,0,-0.70711,1,0,0.025,1
-0.70711,0,0.70711,0,1,0,-0.70711,0,-0.70711,1,0,0.025,1
-0.70711,0,0.70711,0,1,0,-0.70711,0,-0.70711,1,0,0.025,1
-0.70711,0,0.70711,0,1,0,-0.70711,0,-0.70711,1,0,0.025,1
-0.70711,0,0.70711,0,1,0,-0.70711,0,-0.70711,1,0,0.025,1
-0.70711,0,0.70711,0,1,0,-0.70711,0,-0.70711,1,0,0.025,1
-0.70711,0,0.70711,0,1,0,-0.70711,0,-0.70711,1,0,0.025,1
-0.70711,0,0.70711,0,1,0,-0.70711,0,-0.70711,1,0,0.025,1
-0.70711,0,0.70711,0,1,0,-0.70711,0,-0.70711,1,0,0.025,1
-0.70711,0,0.70711,0,1,0,-0.70711,0,-0.70711,1,0,0.025,1
-0.70711,0,0.70711,0,1,0,-0.70711,0,-0.70711,1,0,0.025,1
-0.70711,0,0.70711,0,1,0,-0.70711,0,-0.70711,1,0,0.025,1
-0.70711,0,0.70711,0,1,0,-0.70711,0,-0.70711,1,0,0.025,1
-0.70711,0,0.70711,0,1,0,-0.70711,0,-0.70711,1,0,0.025,1
-0.70711,0,0.70711,0,1,0,-0.70711,0,-0.70711,1,0,0.025,1
-0.70711,0,0.70711,0,1,0,-0.70711,0,-0.70711,1,0,0.025,1
-0.70711,0,0.70711,0,1,0,-0.70711,0,-0.70711,1,0,0.025,1
-0.70711,0,0.70711,0,1,0,-0.70711,0,-0.70711,1,0,0.025,1
-0.70711,0,0.70711,0,1,0,-0.70711,0,-0.70711,1,0,0.025,1
-0.70711,0,0.70711,0,1,0,-0.70711,0,-0.70711,1,0,0.025,1
-0.70711,0,0.70711,0,1,0,-0.70711,0,-0.70711,1,0,0.025,1
-0.70711,0,0.70711,0,1,0,-0.70711,0,-0.70711,1,0,0.025,1
-0.70711,0,0.70711,0,1,0,-0.70711,0,-0.70711,1,0,0.025001,1
-0.70711,0,0.70711,0,1,0,-0.70711,0,-0.70711,1,0,0.02501,1
-0.70711,0,0.70711,0,1,0,-0.70711,0,-0.70711,1,0,0.025032,1
-0.70711,0,0.70711,0,1,0,-0.70711,0,-0.70711,1,0,0.025076,1
-0.70711,0,0.70711,0,1,0,-0.70711,0,-0.70711,1,0,0.025146,1
-0.70711,0,0.70711,0,1,0,-0.70711,0,-0.70711,1,0,0.025248,1
-0.70711,0,0.70711,0,1,0,-0.70711,0,-0.70711,1,0,0.025388,1
-0.70711,0,0.70711,0,1,0,-0.70711,0,-0.70711,1,0,0.02557,1
-0.70711,0,0.70711,0,1,0,-0.70711,0,-0.70711,1,0,0.025798,1
-0.70711,0,0.70711,0,1,0,-0.70711,0,-0.70711,1,0,0.026078,1
-0.70711,0,0.70711,0,1,0,-0.70711,0,-0.70711,1,0,0.026411,1
-0.70711,0,0.70711,0,1,0,-0.70711,0,-0.70711,1,0,0.026802,1
-0.70711,0,0.70711,0,1,0,-0.70711,0,-0.70711,1,0,0.027254,1
-0.70711,0,0.70711,0,1,0,-0.70711,0,-0.70711,1,0,0.027769,1
-0.70711,0,0.70711,0,1,0,-0.70711,0,-0.70711,1,0,0.028349,1
-0.70711,0,0.70711,0,1,0,-0.70711,0,-0.70711,1,0,0.028997,1
-0.70711,0,0.70711,0,1,0,-0.70711,0,-0.70711,1,0,0.029714,1
-0.70711,0,0.70711,0,1,0,-0.70711,0,-0.70711,1,0,0.0305,1
-0.70711,0,0.70711,0,1,0,-0.70711,0,-0.70711,1,0,0.031358,1
-0.70711,0,0.70711,0,1,0,-0.70711,0,-0.70711,1,0,0.032288,1
-0.70711,0,0.70711,0,1,0,-0.70711,0,-0.70711,1,0,0.03329,1
-0.70711,0,0.70711,0,1,0,-0.70711,0,-0.70711,1,0,0.034365,1
-0.70711,0,0.70711,0,1,0,-0.70711,0,-0.70711,1,0,0.035512,1
-0.70711,0,0.70711,0,1,0,-0.70711,0,-0.70711,1,0,0.036732,1
-0.70711,0,0.70711,0,1,0,-0.70711,0,-0.70711,1,0,0.038022,1
-0.70711,0,0.70711,0,1,0,-0.70711,0,-0.70711,1,0,0.039383,1
-0.70711,0,0.70711,0,1,0,-0.70711,0,-0.70711,1,0,0.040814,1
-0.70711,0,0.70711,0,1,0,-0.70711,0,-0.70711,1,0,0.042313,1
-0.70711,0,0.70711,0,1,0,-0.70711,0,-0.70711,1,0,0.043879,1
-0.70711,0,0.70711,0,1,0,-0.70711,0,-0.70711,1,0,0.04551,1
-0.70711,0,0.70711,0,1,0,-0.70711,0,-0.70711,1,0,0.047203,1
-0.70711,0,0.70711,0,1,0,-0.70711,0,-0.70711,1,0,0.048958,1
-0.70711,0,0.70711,0,1,0,-0.70711,0,-0.70711,1,0,0.050772,1
-0.70711,0,0.70711,0,1,0,-0.70711,0,-0.70711,1,0,0.052642,1
-0.70711,0,0.70711,0,1,0,-0.70711,0,-0.70711,1,0,0.054567,1
-0.70711,0,0.70711,0,1,0,-0.70711,0,-0.70711,1,0,0.056542,1
-0.70711,0,0.70711,0,1,0,-0.70711,0,-0.70711,1,0,0.058566,1
-0.70711,0,0.70711,0,1,0,-0.70711,0,-0.70711,1,0,0.060635,1
-0.70711,0,0.70711,0,1,0,-0.70711,0,-0.70711,1,0,0.062746,1
-0.70711,0,0.70711,0,1,0,-0.70711,0,-0.70711,1,0,0.064897,1
-0.70711,0,0.70711,0,1,0,-0.70711,0,-0.70711,1,0,0.067083,1
-0.70711,0,0.70711,0,1,0,-0.70711,0,-0.70711,1,0,0.069302,1
-0.70711,0,0.70711,0,1,0,-0.70711,0,-0.70711,1,0,0.07155,1
-0.70711,0,0.70711,0,1,0,-0.70711,0,-0.70711,1,0,0.073823,1
-0.70711,0,0.70711,0,1,0,-0.70711,0,-0.70711,1,0,0.076118,1
-0.70711,0,0.70711,0,1,0,-0.70711,0,-0.70711,1,0,0.078432,1
-0.70711,0,0.70711,0,1,0,-0.70711,0,-0.70711,1,0,0.08076,1
-0.70711,0,0.70711,0,1,0,-0.70711,0,-0.70711,1,0,0.083099,1
-0.70711,0,0.70711,0,1,0,-0.70711,0,-0.70711,1,0,0.085445,1
-0.70711,0,0.70711,0,1,0,-0.70711,0,-0.70711,1,0,0.087794,1
-0.70711,0,0.70711,0,1,0,-0.70711,0,-0.70711,1,0,0.090142,1
-0.70711,0,0.70711,0,1,0,-0.70711,0,-0.70711,1,0,0.092487,1
-0.70711,0,0.70711,0,1,0,-0.70711,0,-0.70711,1,0,0.094823,1
-0.70711,0,0.70711,0,1,0,-0.70711,0,-0.70711,1,0,0.097148,1
-0.70711,0,0.70711,0,1,0,-0.70711,0,-0.70711,1,0,0.099457,1
-0.70711,0,0.70711,0,1,0,-0.70711,0,-0.70711,1,0,0.10175,1
-0.70711,0,0.70711,0,1,0,-0.70711,0,-0.70711,1,0,0.10401,1
-0.70711,0,0.70711,0,1,0,-0.70711,0,-0.70711,1,0,0.10626,1
-0.70711,0,0.70711,0,1,0,-0.70711,0,-0.70711,1,0,0.10847,1
-0.70711,0,0.70711,0,1,0,-0.70711,0,-0.70711,1,0,0.11064,1
-0.70711,0,0.70711,0,1,0,-0.70711,0,-0.70711,1,0,0.11279,1
-0.70711,0,0.70711,0,1,0,-0.70711,0,-0.70711,1,0,0.11489,1
-0.70711,0,0.70711,0,1,0,-0.70711,0,-0.70711,1,0,0.11694,1
-0.70711,0,0.70711,0,1,0,-0.70711,0,-0.70711,1,0,0.11896,1
-0.70711,0,0.70711,0,1,0,-0.70711,0,-0.70711,1,0,0.12092,1
-0.70711,0,0.70711,0,1,0,-0.70711,0,-0.70711,1,0,0.12283,1
-0.70711,0,0.70711,0,1,0,-0.70711,0,-0.70711,1,0,0.12469,1
-0.70711,0,0.70711,0,1,0,-0.70711,0,-0.70711,1,0,0.12649,1
-0.70711,0,0.70711,0,1,0,-0.70711,0,-0.70711,1,0,0.12823,1
-0.70711,0,0.70711,0,1,0,-0.70711,0,-0.70711,1,0,0.1299,1
-0.70711,0,0.70711,0,1,0,-0.70711,0,-0.70711,1,0,0.13152,1
-0.70711,0,0.70711,0,1,0,-0.70711,0,-0.70711,1,0,0.13307,1
-0.70711,0,0.70711,0,1,0,-0.70711,0,-0.70711,1,0,0.13455,1
-0.70711,0,0.70711,0,1,0,-0.70711,0,-0.70711,1,0,0.13596,1
-0.70711,0,0.70711,0,1,0,-0.70711,0,-0.70711,1,0,0.13731,1
-0.70711,0,0.70711,0,1,0,-0.70711,0,-0.70711,1,0,0.13858,1
-0.70711,0,0.70711,0,1,0,-0.70711,0,-0.70711,1,0,0.13978,1
-0.70711,0,0.70711,0,1,0,-0.70711,0,-0.70711,1,0,0.14091,1
-0.70711,0,0.70711,0,1,0,-0.70711,0,-0.70711,1,0,0.14197,1
-0.70711,0,0.70711,0,1,0,-0.70711,0,-0.70711,1,0,0.14295,1
-0.70711,0,0.70711,0,1,0,-0.70711,0,-0.70711,1,0,0.14386,1
-0.70711,0,0.70711,0,1,0,-0.70711,0,-0.70711,1,0,0.1447,1
-0.70711,0,0.70711,0,1,0,-0.70711,0,-0.70711,1,0,0.14547,1
-0.70711,0,0.70711,0,1,0,-0.70711,0,-0.70711,1,0,0.14617,1
-0.70711,0,0.70711,0,1,0,-0.70711,0,-0.70711,1,0,0.1468,1
-0.70711,0,0.70711,0,1,0,-0.70711,0,-0.70711,1,0,0.14737,1
-0.70711,0,0.70711,0,1,0,-0.70711,0,-0.70711,1,0,0.14786,1
-0.70711,0,0.70711,0,1,0,-0.70711,0,-0.70711,1,0,0.1483,1
-0.70711,0,0.70711,0,1,0,-0.70711,0,-0.70711,1,0,0.14868,1
-0.70711,0,0.70711,0,1,0,-0.70711,0,-0.70711,1,0,0.149,1
-0.70711,0,0.70711,0,1,0,-0.70711,0,-0.70711,1,0,0.14926,1
-0.70711,0,0.70711,0,1,0,-0.70711,0,-0.70711,1,0,0.14948,1
-0.70711,0,0.70711,0,1,0,-0.70711,0,-0.70711,1,0,0.14965,1
-0.70711,0,0.70711,0,1,0,-0.70711,0,-0.70711,1,0,0.14978,1
-0.70711,0,0.70711,0,1,0,-0.70711,0,-0.70711,1,0,0.14987,1
-0.70711,0,0.70711,0,1,0,-0.70711,0,-0.70711,1,0,0.14994,1
-0.70711,0,0.70711,0,1,0,-0.70711,0,-0.70711,1,0,0.14997,1
-0.70711,0,0.70711,0,1,0,-0.70711,0,-0.70711,1,0,0.14999,1
-0.70711,0,0.70711,0,1,0,-0.70711,0,-0.70711,1,0,0.15,1
-0.70711,0,0.70711,0,1,0,-0.70711,0,-0.70711,1,0,0.15,1
-0.70711,1.5589e-05,0.70711,1.1023e-05,1,-1.1023e-05,-0.70711,1.6941e-21,-0.70711,1,-1.5589e-05,0.15,1
-0.70711,0.00012283,0.70711,8.6856e-05,1,-8.6856e-05,-0.70711,1.3553e-20,-0.70711,1,-0.00012283,0.15,1
-0.70711,0.00040827,0.70711,0.00028869,1,-0.00028869,-0.70711,2.7105e-20,-0.70711,1,-0.00040827,0.15,1
-0.70711,0.00095294,0.70711,0.00067383,1,-0.00067383,-0.70711,5.421e-20,-0.70711,1,-0.00095294,0.15,1
-0.70711,0.0018325,0.70711,0.0012958,1,-0.0012958,-0.70711,1.0842e-19,-0.70711,1,-0.0018325,0.15,1
-0.7071,0.0031175,0.7071,0.0022044,1,-0.0022044,-0.70711,2.1684e-19,-0.70711,1,-0.0031175,0.15,1
-0.7071,0.004873,0.7071,0.0034458,0.99999,-0.0034458,-0.70711,4.3368e-19,-0.70711,0.99999,-0.004873,0.15,1
-0.70709,0.0071595,0.70709,0.0050625,0.99997,-0.0050625,-0.70711,4.3368e-19,-0.70711,0.99997,-0.0071595,0.15,1
-0.70707,0.010032,0.70707,0.0070938,0.99995,-0.0070938,-0.70711,8.6736e-19,-0.70711,0.99995,-0.010032,0.15,1
-0.70704,0.013541,0.70704,0.0095753,0.99991,-0.0095753,-0.70711,8.6736e-19,-0.70711,0.99991,-0.013541,0.15,1
-0.707,0.017733,0.707,0.012539,0.99984,-0.012539,-0.70711,1.7347e-18,-0.70711,0.99984,-0.017733,0.15,1
-0.70693,0.022649,0.70693,0.016015,0.99974,-0.016015,-0.70711,1.7347e-18,-0.70711,0.99974,-0.022649,0.15,1
-0.70682,0.028324,0.70682,0.020028,0.9996,-0.020028,-0.70711,3.4694e-18,-0.70711,0.9996,-0.028324,0.15,1
-0.70668,0.034791,0.70668,0.024601,0.99939,-0.024601,-0.70711,3.4694e-18,-0.70711,0.99939,-0.034791,0.15,1
-0.70648,0.042078,0.70648,0.029754,0.99911,-0.029754,-0.70711,3.4694e-18,-0.70711,0.99911,-0.042078,0.15,1
-0.70621,0.050207,0.70621,0.035502,0.99874,-0.035502,-0.70711,3.4694e-18,-0.70711,0.99874,-0.050207,0.15,1
-0.70587,0.059198,0.70587,0.041859,0.99825,-0.041859,-0.70711,3.4694e-18,-0.70711,0.99825,-0.059198,0.15,1
-0.70542,0.069064,0.70542,0.048836,0.99761,-0.048836,-0.70711,6.9389e-18,-0.70711,0.99761,-0.069064,0.15,1
-0.70485,0.079816,0.70485,0.056438,0.99681,-0.056438,-0.70711,6.9389e-18,-0.70711,0.99681,-0.079816,0.15,1
-0.70414,0.091458,0.70414,0.064671,0.99581,-0.064671,-0.70711,6.9389e-18,-0.70711,0.99581,-0.091458,0.15,1
-0.70327,0.10399,0.70327,0.073534,0.99458,-0.073534,-0.70711,6.9389e-18,-0.70711,0.99458,-0.10399,0.15,1
-0.70222,0.11742,0.70222,0.083025,0.99308,-0.083025,-0.70711,1.3878e-17,-0.70711,0.99308,-0.11742,0.15,1
-0.70095,0.13172,0.70095,0.093139,0.99129,-0.093139,-0.70711,1.3878e-17,-0.70711,0.99129,-0.13172,0.15,1
-0.69944,0.14689,0.69944,0.10387,0.98915,-0.10387,-0.70711,1.3878e-17,-0.70711,0.98915,-0.14689,0.15,1
-0.69766,0.16291,0.69766,0.1152,0.98664,-0.1152,-0.70711,1.3878e-17,-0.70711,0.98664,-0.16291,0.15,1
-0.69559,0.17976,0.69559,0.12711,0.98371,-0.12711,-0.70711,1.3878e-17,-0.70711,0.98371,-0.17976,0.15,1
-0.69319,0.19742,0.69319,0.1396,0.98032,-0.1396,-0.70711,1.3878e-17,-0.70711,0.98032,-0.19742,0.15,1
-0.69044,0.21585,0.69044,0.15263,0.97643,-0.15263,-0.70711,1.3878e-17,-0.70711,0.97643,-0.21585,0.15,1
-0.6873,0.23502,0.6873,0.16618,0.97199,-0.16618,-0.70711,1.3878e-17,-0.70711,0.97199,-0.23502,0.15,1
-0.68375,0.25489,0.68375,0.18023,0.96697,-0.18023,-0.70711,2.7756e-17,-0.70711,0.96697,-0.25489,0.15,1
-0.67976,0.27541,0.67976,0.19474,0.96133,-0.19474,-0.70711,2.7756e-17,-0.70711,0.96133,-0.27541,0.15,1
-0.6753,0.29654,0.6753,0.20969,0.95502,-0.20969,-0.70711,2.7756e-17,-0.70711,0.95502,-0.29654,0.15,1
-0.67035,0.31823,0.67035,0.22502,0.94801,-0.22502,-0.70711,2.7756e-17,-0.70711,0.94801,-0.31823,0.15,1
-0.66487,0.34042,0.66487,0.24071,0.94027,-0.24071,-0.70711,2.7756e-17,-0.70711,0.94027,-0.34042,0.15,1
-0.65886,0.36306,0.65886,0.25672,0.93177,-0.25672,-0.70711,2.7756e-17,-0.70711,0.93177,-0.36306,0.15,1
-0.65228,0.38607,0.65228,0.27299,0.92247,-0.27299,-0.70711,2.7756e-17,-0.70711,0.92247,-0.38607,0.15,1
-0.64513,0.4094,0.64513,0.28949,0.91235,-0.28949,-0.70711,2.7756e-17,-0.70711,0.91235,-0.4094,0.15,1
-0.63739,0.43298,0.63739,0.30617,0.9014,-0.30617,-0.70711,2.7756e-17,-0.70711,0.9014,-0.43298,0.15,1
-0.62904,0.45674,0.62904,0.32297,0.8896,-0.32297,-0.70711,2.7756e-17,-0.70711,0.8896,-0.45674,0.15,1
-0.62008,0.48062,0.62008,0.33985,0.87693,-0.33985,-0.70711,2.7756e-17,-0.70711,0.87693,-0.48062,0.15,1
-0.61051,0.50453,0.61051,0.35675,0.8634,-0.35675,-0.70711,5.5511e-17,-0.70711,0.8634,-0.50453,0.15,1
-0.60033,0.5284,0.60033,0.37364,0.849,-0.37364,-0.70711,5.5511e-17,-0.70711,0.849,-0.5284,0.15,1
-0.58954,0.55217,0.58954,0.39044,0.83373,-0.39044,-0.70711,5.5511e-17,-0.70711,0.83373,-0.55217,0.15,1
-0.57815,0.57576,0.57815,0.40712,0.81762,-0.40712,-0.70711,5.5511e-17,-0.70711,0.81762,-0.57576,0.15,1
-0.56616,0.5991,0.56616,0.42363,0.80068,-0.42363,-0.70711,5.5511e-17,-0.70711,0.80068,-0.5991,0.15,1
-0.55361,0.62212,0.55361,0.4399,0.78292,-0.4399,-0.70711,5.5511e-17,-0.70711,0.78292,-0.62212,0.15,1
-0.54051,0.64475,0.54051,0.45591,0.76439,-0.45591,-0.70711,5.5511e-17,-0.70711,0.76439,-0.64475,0.15,1
-0.52688,0.66694,0.52688,0.47159,0.74512,-0.47159,-0.70711,5.5511e-17,-0.70711,0.74512,-0.66694,0.15,1
-0.51275,0.68861,0.51275,0.48692,0.72513,-0.48692,-0.70711,5.5511e-17,-0.70711,0.72513,-0.68861,0.15,1
-0.49815,0.70971,0.49815,0.50184,0.70449,-0.50184,-0.70711,5.5511e-17,-0.70711,0.70449,-0.70971,0.15,1
-0.48312,0.73019,0.48312,0.51632,0.68324,-0.51632,-0.70711,5.5511e-17,-0.70711,0.68324,-0.73019,0.15,1
-0.46771,0.75,0.46771,0.53033,0.66144,-0.53033,-0.70711,5.5511e-17,-0.70711,0.66144,-0.75,0.15,1
-0.45193,0.7691,0.45193,0.54383,0.63913,-0.54383,-0.70711,5.5511e-17,-0.70711,0.63913,-0.7691,0.15,1
-0.43586,0.78744,0.43586,0.5568,0.6164,-0.5568,-0.70711,5.5511e-17,-0.70711,0.6164,-0.78744,0.15,1
-0.41952,0.80499,0.41952,0.56921,0.59329,-0.56921,-0.70711,1.1102e-16,-0.70711,0.59329,-0.80499,0.15,1
-0.40297,0.82173,0.40297,0.58105,0.56988,-0.58105,-0.70711,5.5511e-17,-0.70711,0.56988,-0.82173,0.15,1
-0.38625,0.83763,0.38625,0.59229,0.54624,-0.59229,-0.70711,5.5511e-17,-0.70711,0.54624,-0.83763,0.15,1
-0.36942,0.85268,0.36942,0.60293,0.52244,-0.60293,-0.70711,5.5511e-17,-0.70711,0.52244,-0.85268,0.15,1
-0.35253,0.86686,0.35253,0.61296,0.49855,-0.61296,-0.70711,1.1102e-16,-0.70711,0.49855,-0.86686,0.15,1
-0.33562,0.88018,0.33562,0.62238,0.47464,-0.62238,-0.70711,1.1102e-16,-0.70711,0.47464,-0.88018,0.15,1
-0.31876,0.89263,0.31876,0.63118,0.45079,-0.63118,-0.70711,5.5511e-17,-0.70711,0.45079,-0.89263,0.15,1
-0.30198,0.90422,0.30198,0.63938,0.42707,-0.63938,-0.70711,5.5511e-17,-0.70711,0.42707,-0.90422,0.15,1
-0.28535,0.91496,0.28535,0.64697,0.40354,-0.64697,-0.70711,5.5511e-17,-0.70711,0.40354,-0.91496,0.15,1
-0.2689,0.92487,0.2689,0.65398,0.38028,-0.65398,-0.70711,5.5511e-17,-0.70711,0.38028,-0.92487,0.15,1
