1,0,0,0,1,0,0,0,1,0,0,0.7,0
1,0,0,0,1,0,0,0,1,1.2585e-08,0,0.7,0
1,0,0,0,1,0,0,0,1,1.0053e-07,0,0.7,0
1,0,0,0,1,0,0,0,1,3.3878e-07,0,0.7,0
1,0,1.0023e-06,0,1,0,-1.0023e-06,0,1,8.0183e-07,0,0.7,0
1,0,1.9546e-06,0,1,0,-1.9546e-06,0,1,1.5637e-06,0,0.7,0
1,0,3.3725e-06,0,1,0,-3.3725e-06,0,1,2.698e-06,0,0.7,0
1,0,5.3474e-06,0,1,0,-5.3474e-06,0,1,4.2779e-06,0,0.7,0
1,0,7.9701e-06,0,1,0,-7.9701e-06,0,1,6.3761e-06,0,0.7,0
1,0,1.1331e-05,0,1,0,-1.1331e-05,0,1,9.0647e-06,0,0.7,0
1,0,1.552e-05,0,1,0,-1.552e-05,0,1,1.2416e-05,0,0.7,0
1,0,2.0625e-05,0,1,0,-2.0625e-05,0,1,1.65e-05,0,0.7,0
1,0,2.6737e-05,0,1,0,-2.6737e-05,0,1,2.1389e-05,0,0.70001,0
1,0,3.3942e-05,0,1,0,-3.3942e-05,0,1,2.7154e-05,0,0.70001,0
1,0,4.2329e-05,0,1,0,-4.2329e-05,0,1,3.3863e-05,0,0.70001,0
1,0,5.1983e-05,0,1,0,-5.1983e-05,0,1,4.1587e-05,0,0.70001,0
1,0,6.2993e-05,0,1,0,-6.2993e-05,0,1,5.0395e-05,0,0.70001,0
1,0,7.5443e-05,0,1,0,-7.5443e-05,0,1,6.0355e-05,0,0.70002,0
1,0,8.9419e-05,0,1,0,-8.9419e-05,0,1,7.1536e-05,0,0.70002,0
1,0,0.00010501,0,1,0,-0.00010501,0,1,8.4005e-05,0,0.70002,0
1,0,0.00012229,0,1,0,-0.00012229,0,1,9.7831e-05,0,0.70002,0
1,0,0.00014135,0,1,0,-0.00014135,0,1,0.00011308,0,0.70003,0
1,0,0.00016227,0,1,0,-0.00016227,0,1,0.00012982,0,0.70003,0
1,0,0.00018513,0,1,0,-0.00018513,0,1,0.00014811,0,0.70004,0
1,0,0.00021003,0,1,0,-0.00021003,0,1,0.00016803,0,0.70004,0
1,0,0.00023703,0,1,0,-0.00023703,0,1,0.00018963,0,0.70005,0
1,0,0.00026622,0,1,0,-0.00026622,0,1,0.00021298,0,0.70005,0
1,0,0.00029767,0,1,0,-0.00029767,0,1,0.00023815,0,0.70006,0
1,0,0.00033148,0,1,0,-0.00033148,0,1,0.0002652,0,0.70007,0
1,0,0.00036772,0,1,0,-0.00036772,0,1,0.00029419,0,0.70007,0
1,0,0.00040646,0,1,0,-0.00040646,0,1,0.00032518,0,0.70008,0
1,0,0.00044779,0,1,0,-0.00044779,0,1,0.00035825,0,0.70009,0
1,0,0.00049178,0,1,0,-0.00049178,0,1,0.00039345,0,0.7001,0
1,0,0.00053851,0,1,0,-0.00053851,0,1,0.00043084,0,0.70011,0
1,0,0.00058806,0,1,0,-0.00058806,0,1,0.00047048,0,0.70012,0
1,0,0.0006405,0,1,0,-0.0006405,0,1,0.00051244,0,0.70013,0
1,0,0.00069591,0,1,0,-0.00069591,0,1,0.00055678,0,0.70014,0
1,0,0.00075437,0,1,0,-0.00075437,0,1,0.00060355,0,0.70015,0
1,0,0.00081594,0,1,0,-0.00081594,0,1,0.00065282,0,0.70016,0
1,0,0.00088071,0,1,0,-0.00088071,0,1,0.00070464,0,0.70018,0
1,0,0.00094874,0,1,0,-0.00094874,0,1,0.00075908,0,0.70019,0
1,0,0.0010201,0,1,0,-0.0010201,0,1,0.00081619,0,0.7002,0
1,0,0.0010949,0,1,0,-0.0010949,0,1,0.00087604,0,0.70022,0
1,0,0.0011732,0,1,0,-0.0011732,0,1,0.00093867,0,0.70023,0
1,0,0.001255,0,1,0,-0.001255,0,1,0.0010041,0,0.70025,0
1,0,0.0013404,0,1,0,-0.0013404,0,1,0.0010725,0,0.70027,0
1,0,0.0014296,0,1,0,-0.0014296,0,1,0.0011439,0,0.70029,0
1,0,0.0015225,0,1,0,-0.0015225,0,1,0.0012182,0,0.7003,0
1,0,0.0016192,0,1,0,-0.0016192,0,1,0.0012956,0,0.70032,0
1,0,0.0017199,0,1,0,-0.0017199,0,1,0.0013762,0,0.70034,0
1,0,0.0018245,0,1,0,-0.0018245,0,1,0.0014599,0,0.70036,0
1,0,0.0019332,0,1,0,-0.0019332,0,1,0.0015469,0,0.70039,0
1,0,0.0020459,0,1,0,-0.0020459,0,1,0.0016372,0,0.70041,0
1,0,0.0021629,0,1,0,-0.0021629,0,1,0.0017308,0,0.70043,0
1,0,0.0022841,0,1,0,-0.0022841,0,1,0.0018278,0,0.70045,0
1,0,0.0024096,0,1,0,-0.0024096,0,1,0.0019282,0,0.70048,0
1,0,0.0025394,0,1,0,-0.0025394,0,1,0.0020322,0,0.70051,0
1,0,0.0026737,0,1,0,-0.0026737,0,1,0.0021397,0,0.70053,0
1,0,0.0028125,0,1,0,-0.0028125,0,1,0.0022508,0,0.70056,0
1,0,0.0029559,0,1,0,-0.0029559,0,1,0.0023656,0,0.70059,0
1,0,0.0031039,0,1,0,-0.0031039,0,1,0.0024841,0,0.70062,0
0.99999,0,0.0032566,0,1,0,-0.0032566,0,0.99999,0.0026063,0,0.70065,0
0.99999,0,0.003414,0,1,0,-0.003414,0,0.99999,0.0027324,0,0.70068,0
0.99999,0,0.0035763,0,1,0,-0.0035763,0,0.99999,0.0028623,0,0.70071,0
0.99999,0,0.0037434,0,1,0,-0.0037434,0,0.99999,0.0029961,0,0.70074,0
0.99999,0,0.0039155,0,1,0,-0.0039155,0,0.99999,0.0031339,0,0.70078,0
0.99999,0,0.0040925,0,1,0,-0.0040925,0,0.99999,0.0032757,0,0.70081,0
0.99999,0,0.0042746,0,1,0,-0.0042746,0,0.99999,0.0034215,0,0.70085,0
0.99999,0,0.0044619,0,1,0,-0.0044619,0,0.99999,0.0035715,0,0.70088,0
0.99999,0,0.0046543,0,1,0,-0.0046543,0,0.99999,0.0037256,0,0.70092,0
0.99999,0,0.0048519,0,1,0,-0.0048519,0,0.99999,0.0038839,0,0.70096,0
0.99999,0,0.0050549,0,1,0,-0.0050549,0,0.99999,0.0040465,0,0.701,0
0.99999,0,0.0052632,0,1,0,-0.0052632,0,0.99999,0.0042133,0,0.70104,0
0.99999,0,0.0054768,0,1,0,-0.0054768,0,0.99999,0.0043845,0,0.70108,0
0.99998,0,0.005696,0,1,0,-0.005696,0,0.99998,0.00456,0,0.70113,0
0.99998,0,0.0059207,0,1,0,-0.0059207,0,0.99998,0.00474,0,0.70117,0
0.99998,0,0.0061509,0,1,0,-0.0061509,0,0.99998,0.0049245,0,0.70122,0
0.99998,0,0.0063868,0,1,0,-0.0063868,0,0.99998,0.0051135,0,0.70126,0
0.99998,0,0.0066283,0,1,0,-0.0066283,0,0.99998,0.005307,0,0.70131,0
0.99998,0,0.0068756,0,1,0,-0.0068756,0,0.99998,0.0055052,0,0.70136,0
0.99997,0,0.0071287,0,1,0,-0.0071287,0,0.99997,0.005708,0,0.70141,0
0.99997,0,0.0073876,0,1,0,-0.0073876,0,0.99997,0.0059155,0,0.70146,0
0.99997,0,0.0076524,0,1,0,-0.0076524,0,0.99997,0.0061278,0,0.70151,0
0.99997,0,0.0079231,0,1,0,-0.0079231,0,0.99997,0.0063448,0,0.70156,0
0.99997,0,0.0081999,0,1,0,-0.0081999,0,0.99997,0.0065666,0,0.70161,0
0.99996,0,0.0084827,0,1,0,-0.0084827,0,0.99996,0.0067934,0,0.70167,0
0.99996,0,0.0087716,0,1,0,-0.0087716,0,0.99996,0.007025,0,0.70172,0
0.99996,0,0.0090666,0,1,0,-0.0090666,0,0.99996,0.0072615,0,0.70178,0
0.99996,0,0.0093679,0,1,0,-0.0093679,0,0.99996,0.0075031,0,0.70184,0
0.99995,0,0.0096754,0,1,0,-0.0096754,0,0.99995,0.0077497,0,0.7019,0
0.99995,0,0.0099892,0,1,0,-0.0099892,0,0.99995,0.0080013,0,0.70196,0
0.99995,0,0.010309,0,1,0,-0.010309,0,0.99995,0.0082581,0,0.70202,0
0.99994,0,0.010636,0,1,0,-0.010636,0,0.99994,0.00852,0,0.70208,0
0.99994,0,0.010969,0,1,0,-0.010969,0,0.99994,0.0087871,0,0.70215,0
0.99994,0,0.011308,0,1,0,-0.011308,0,0.99994,0.0090594,0,0.70221,0
0.99993,0,0.011654,0,1,0,-0.011654,0,0.99993,0.009337,0,0.70228,0
0.99993,0,0.012007,0,1,0,-0.012007,0,0.99993,0.0096199,0,0.70234,0
0.99992,0,0.012366,0,1,0,-0.012366,0,0.99992,0.0099081,0,0.70241,0
0.99992,0,0.012732,0,1,0,-0.012732,0,0.99992,0.010202,0,0.70248,0
0.99991,0,0.013105,0,1,0,-0.013105,0,0.99991,0.010501,0,0.70255,0
0.99991,0,0.013484,0,1,0,-0.013484,0,0.99991,0.010805,0,0.70262,0
0.9999,0,0.01387,0,1,0,-0.01387,0,0.9999,0.011115,0,0.7027,0
0.9999,0,0.014263,0,1,0,-0.014263,0,0.9999,0.011431,0,0.70277,0
0.99989,0,0.014663,0,1,0,-0.014663,0,0.99989,0.011752,0,0.70285,0
0.99989,0,0.01507,0,1,0,-0.01507,0,0.99989,0.012078,0,0.70292,0
0.99988,0,0.015483,0,1,0,-0.015483,0,0.99988,0.012411,0,0.703,0
0.99987,0,0.015904,0,1,0,-0.015904,0,0.99987,0.012749,0,0.70308,0
0.99987,0,0.016332,0,1,0,-0.016332,0,0.99987,0.013092,0,0.70316,0
0.99986,0,0.016767,0,1,0,-0.016767,0,0.99986,0.013442,0,0.70324,0
0.99985,0,0.017209,0,1,0,-0.017209,0,0.99985,0.013797,0,0.70332,0
0.99984,0,0.017658,0,1,0,-0.017658,0,0.99984,0.014158,0,0.70341,0
0.99984,0,0.018115,0,1,0,-0.018115,0,0.99984,0.014525,0,0.70349,0
0.99983,0,0.018578,0,1,0,-0.018578,0,0.99983,0.014897,0,0.70358,0
0.99982,0,0.019049,0,1,0,-0.019049,0,0.99982,0.015276,0,0.70366,0
0.99981,0,0.019528,0,1,0,-0.019528,0,0.99981,0.01566,0,0.70375,0
0.9998,0,0.020013,0,1,0,-0.020013,0,0.9998,0.016051,0,0.70384,0
0.99979,0,0.020506,0,1,0,-0.020506,0,0.99979,0.016447,0,0.70393,0
0.99978,0,0.021007,0,1,0,-0.021007,0,0.99978,0.01685,0,0.70402,0
0.99977,0,0.021515,0,1,0,-0.021515,0,0.99977,0.017258,0,0.70412,0
0.99976,0,0.02203,0,1,0,-0.02203,0,0.99976,0.017673,0,0.70421,0
0.99975,0,0.022553,0,1,0,-0.022553,0,0.99975,0.018094,0,0.70431,0
0.99973,0,0.023084,0,1,0,-0.023084,0,0.99973,0.01852,0,0.7044,0
0.99972,0,0.023622,0,1,0,-0.023622,0,0.99972,0.018954,0,0.7045,0
0.99971,0,0.024168,0,1,0,-0.024168,0,0.99971,0.019393,0,0.7046,0
0.99969,0,0.024721,0,1,0,-0.024721,0,0.99969,0.019838,0,0.7047,0
0.99968,0,0.025283,0,1,0,-0.025283,0,0.99968,0.02029,0,0.7048,0
0.99967,0,0.025852,0,1,0,-0.025852,0,0.99967,0.020748,0,0.7049,0
0.99965,0,0.026428,0,1,0,-0.026428,0,0.99965,0.021213,0,0.70501,0
0.99964,0,0.027013,0,1,0,-0.027013,0,0.99964,0.021683,0,0.70511,0
0.99962,0,0.027605,0,1,0,-0.027605,0,0.99962,0.02216,0,0.70522,0
0.9996,0,0.028206,0,1,0,-0.028206,0,0.9996,0.022644,0,0.70532,0
0.99958,0,0.028814,0,1,0,-0.028814,0,0.99958,0.023134,0,0.70543,0
0.99957,0,0.02943,0,1,0,-0.02943,0,0.99957,0.02363,0,0.70554,0
0.99955,0,0.030054,0,1,0,-0.030054,0,0.99955,0.024133,0,0.70565,0
0.99953,0,0.030686,0,1,0,-0.030686,0,0.99953,0.024643,0,0.70576,0
0.99951,0,0.031326,0,1,0,-0.031326,0,0.99951,0.025159,0,0.70587,0
0.99949,0,0.031974,0,1,0,-0.031974,0,0.99949,0.025681,0,0.70599,0
0.99947,0,0.03263,0,1,0,-0.03263,0,0.99947,0.02621,0,0.7061,0
0.99945,0,0.033294,0,1,0,-0.033294,0,0.99945,0.026746,0,0.70622,0
0.99942,0,0.033966,0,1,0,-0.033966,0,0.99942,0.027289,0,0.70633,0
0.9994,0,0.034647,0,1,0,-0.034647,0,0.9994,0.027838,0,0.70645,0
0.99938,0,0.035335,0,1,0,-0.035335,0,0.99938,0.028393,0,0.70657,0
0.99935,0,0.036032,0,1,0,-0.036032,0,0.99935,0.028956,0,0.70669,0
0.99932,0,0.036737,0,1,0,-0.036737,0,0.99932,0.029525,0,0.70681,0
0.9993,0,0.037451,0,1,0,-0.037451,0,0.9993,0.030101,0,0.70693,0
0.99927,0,0.038172,0,1,0,-0.038172,0,0.99927,0.030683,0,0.70705,0
0.99924,0,0.038902,0,1,0,-0.038902,0,0.99924,0.031273,0,0.70717,0
0.99921,0,0.03964,0,1,0,-0.03964,0,0.99921,0.031869,0,0.7073,0
0.99918,0,0.040387,0,1,0,-0.040387,0,0.99918,0.032472,0,0.70742,0
0.99915,0,0.041141,0,1,0,-0.041141,0,0.99915,0.033083,0,0.70755,0
0.99912,0,0.041905,0,1,0,-0.041905,0,0.99912,0.033699,0,0.70768,0
0.99909,0,0.042676,0,1,0,-0.042676,0,0.99909,0.034323,0,0.70781,0
0.99906,0,0.043456,0,1,0,-0.043456,0,0.99906,0.034954,0,0.70794,0
0.99902,0,0.044245,0,1,0,-0.044245,0,0.99902,0.035592,0,0.70807,0
0.99899,0,0.045042,0,1,0,-0.045042,0,0.99899,0.036236,0,0.7082,0
0.99895,0,0.045847,0,1,0,-0.045847,0,0.99895,0.036888,0,0.70833,0
0.99891,0,0.046661,0,1,0,-0.046661,0,0.99891,0.037547,0,0.70846,0
0.99887,0,0.047484,0,1,0,-0.047484,0,0.99887,0.038212,0,0.70859,0
0.99883,0,0.048314,0,1,0,-0.048314,0,0.99883,0.038885,0,0.70873,0
0.99879,0,0.049154,0,1,0,-0.049154,0,0.99879,0.039565,0,0.70886,0
0.99875,0,0.050002,0,1,0,-0.050002,0,0.99875,0.040252,0,0.709,0
0.99871,0,0.050859,0,1,0,-0.050859,0,0.99871,0.040946,0,0.70914,0
0.99866,0,0.051724,0,1,0,-0.051724,0,0.99866,0.041647,0,0.70927,0
0.99862,0,0.052598,0,1,0,-0.052598,0,0.99862,0.042355,0,0.70941,0
0.99857,0,0.05348,0,1,0,-0.05348,0,0.99857,0.043071,0,0.70955,0
0.99852,0,0.054372,0,1,0,-0.054372,0,0.99852,0.043793,0,0.70969,0
0.99847,0,0.055272,0,1,0,-0.055272,0,0.99847,0.044523,0,0.70983,0
0.99842,0,0.05618,0,1,0,-0.05618,0,0.99842,0.04526,0,0.70997,0
0.99837,0,0.057097,0,1,0,-0.057097,0,0.99837,0.046004,0,0.71011,0
0.99832,0,0.058023,0,1,0,-0.058023,0,0.99832,0.046755,0,0.71026,0
0.99826,0,0.058958,0,1,0,-0.058958,0,0.99826,0.047514,0,0.7104,0
0.9982,0,0.059901,0,1,0,-0.059901,0,0.9982,0.04828,0,0.71054,0
0.99815,0,0.060853,0,1,0,-0.060853,0,0.99815,0.049053,0,0.71069,0
0.99809,0,0.061814,0,1,0,-0.061814,0,0.99809,0.049834,0,0.71083,0
0.99803,0,0.062784,0,1,0,-0.062784,0,0.99803,0.050622,0,0.71098,0
0.99797,0,0.063762,0,1,0,-0.063762,0,0.99797,0.051417,0,0.71112,0
0.9979,0,0.064749,0,1,0,-0.064749,0,0.9979,0.052219,0,0.71127,0
0.99784,0,0.065745,0,1,0,-0.065745,0,0.99784,0.053029,0,0.71142,0
0.99777,0,0.06675,0,1,0,-0.06675,0,0.99777,0.053846,0,0.71157,0
0.9977,0,0.067764,0,1,0,-0.067764,0,0.9977,0.054671,0,0.71171,0
0.99763,0,0.068786,0,1,0,-0.068786,0,0.99763,0.055503,0,0.71186,0
0.99756,0,0.069817,0,1,0,-0.069817,0,0.99756,0.056342,0,0.71201,0
0.99749,0,0.070857,0,1,0,-0.070857,0,0.99749,0.057189,0,0.71216,0
0.99741,0,0.071906,0,1,0,-0.071906,0,0.99741,0.058043,0,0.71231,0
0.99733,0,0.072964,0,1,0,-0.072964,0,0.99733,0.058904,0,0.71246,0
0.99726,0,0.074031,0,1,0,-0.074031,0,0.99726,0.059773,0,0.71261,0
0.99718,0,0.075106,0,1,0,-0.075106,0,0.99718,0.06065,0,0.71276,0
0.99709,0,0.076191,0,1,0,-0.076191,0,0.99709,0.061534,0,0.71291,0
0.99701,0,0.077284,0,1,0,-0.077284,0,0.99701,0.062425,0,0.71306,0
0.99692,0,0.078386,0,1,0,-0.078386,0,0.99692,0.063324,0,0.71322,0
0.99684,0,0.079497,0,1,0,-0.079497,0,0.99684,0.06423,0,0.71337,0
0.99675,0,0.080617,0,1,0,-0.080617,0,0.99675,0.065144,0,0.71352,0
0.99665,0,0.081746,0,1,0,-0.081746,0,0.99665,0.066066,0,0.71367,0
0.99656,0,0.082883,0,1,0,-0.082883,0,0.99656,0.066995,0,0.71382,0
0.99646,0,0.08403,0,1,0,-0.08403,0,0.99646,0.067931,0,0.71398,0
0.99637,0,0.085185,0,1,0,-0.085185,0,0.99637,0.068875,0,0.71413,0
0.99626,0,0.086349,0,1,0,-0.086349,0,0.99626,0.069827,0,0.71428,0
0.99616,0,0.087523,0,1,0,-0.087523,0,0.99616,0.070786,0,0.71443,0
0.99606,0,0.088705,0,1,0,-0.088705,0,0.99606,0.071752,0,0.71459,0
0.99595,0,0.089896,0,1,0,-0.089896,0,0.99595,0.072726,0,0.71474,0
0.99584,0,0.091096,0,1,0,-0.091096,0,0.99584,0.073708,0,0.71489,0
0.99573,0,0.092305,0,1,0,-0.092305,0,0.99573,0.074697,0,0.71505,0
0.99562,0,0.093522,0,1,0,-0.093522,0,0.99562,0.075694,0,0.7152,0
0.9955,0,0.094749,0,1,0,-0.094749,0,0.9955,0.076699,0,0.71535,0
0.99538,0,0.095984,0,1,0,-0.095984,0,0.99538,0.077711,0,0.7155,0
0.99526,0,0.097229,0,1,0,-0.097229,0,0.99526,0.078731,0,0.71566,0
0.99514,0,0.098482,0,1,0,-0.098482,0,0.99514,0.079758,0,0.71581,0
0.99501,0,0.099744,0,1,0,-0.099744,0,0.99501,0.080793,0,0.71596,0
0.99488,0,0.10102,0,1,0,-0.10102,0,0.99488,0.081835,0,0.71611,0
0.99475,0,0.1023,0,1,0,-0.1023,0,0.99475,0.082885,0,0.71626,0
0.99462,0,0.10358,0,1,0,-0.10358,0,0.99462,0.083943,0,0.71641,0
0.99448,0,0.10488,0,1,0,-0.10488,0,0.99448,0.085008,0,0.71656,0
0.99435,0,0.10619,0,1,0,-0.10619,0,0.99435,0.086081,0,0.71671,0
0.9942,0,0.1075,0,1,0,-0.1075,0,0.9942,0.087162,0,0.71686,0
0.99406,0,0.10883,0,1,0,-0.10883,0,0.99406,0.08825,0,0.71701,0
0.99391,0,0.11016,0,1,0,-0.11016,0,0.99391,0.089346,0,0.71716,0
0.99376,0,0.1115,0,1,0,-0.1115,0,0.99376,0.090449,0,0.71731,0
0.99361,0,0.11285,0,1,0,-0.11285,0,0.99361,0.09156,0,0.71746,0
0.99346,0,0.11421,0,1,0,-0.11421,0,0.99346,0.092679,0,0.71761,0
0.9933,0,0.11558,0,1,0,-0.11558,0,0.9933,0.093805,0,0.71775,0
0.99314,0,0.11696,0,1,0,-0.11696,0,0.99314,0.094939,0,0.7179,0
0.99297,0,0.11834,0,1,0,-0.11834,0,0.99297,0.09608,0,0.71805,0
0.99281,0,0.11974,0,1,0,-0.11974,0,0.99281,0.09723,0,0.71819,0
0.99264,0,0.12114,0,1,0,-0.12114,0,0.99264,0.098386,0,0.71834,0
0.99246,0,0.12255,0,1,0,-0.12255,0,0.99246,0.099551,0,0.71848,0
0.99229,0,0.12397,0,1,0,-0.12397,0,0.99229,0.10072,0,0.71862,0
0.99211,0,0.1254,0,1,0,-0.1254,0,0.99211,0.1019,0,0.71877,0
0.99192,0,0.12684,0,1,0,-0.12684,0,0.99192,0.10309,0,0.71891,0
0.99174,0,0.12829,0,1,0,-0.12829,0,0.99174,0.10428,0,0.71905,0
0.99155,0,0.12975,0,1,0,-0.12975,0,0.99155,0.10549,0,0.71919,0
0.99135,0,0.13121,0,1,0,-0.13121,0,0.99135,0.1067,0,0.71933,0
0.99116,0,0.13268,0,1,0,-0.13268,0,0.99116,0.10791,0,0.71946,0
0.99096,0,0.13416,0,1,0,-0.13416,0,0.99096,0.10914,0,0.7196,0
0.99076,0,0.13566,0,1,0,-0.13566,0,0.99076,0.11037,0,0.71974,0
0.99055,0,0.13715,0,1,0,-0.13715,0,0.99055,0.11161,0,0.71987,0
0.99034,0,0.13866,0,1,0,-0.13866,0,0.99034,0.11286,0,0.72,0
0.99013,0,0.14018,0,1,0,-0.14018,0,0.99013,0.11412,0,0.72014,0
0.98991,0,0.1417,0,1,0,-0.1417,0,0.98991,0.11538,0,0.72027,0
0.98969,0,0.14324,0,1,0,-0.14324,0,0.98969,0.11665,0,0.7204,0
0.98946,0,0.14478,0,1,0,-0.14478,0,0.98946,0.11793,0,0.72053,0
0.98924,0,0.14633,0,1,0,-0.14633,0,0.98924,0.11922,0,0.72065,0
0.989,0,0.14789,0,1,0,-0.14789,0,0.989,0.12051,0,0.72078,0
0.98877,0,0.14945,0,1,0,-0.14945,0,0.98877,0.12181,0,0.72091,0
0.98853,0,0.15103,0,1,0,-0.15103,0,0.98853,0.12312,0,0.72103,0
0.98829,0,0.15261,0,1,0,-0.15261,0,0.98829,0.12443,0,0.72115,0
0.98804,0,0.15421,0,1,0,-0.15421,0,0.98804,0.12576,0,0.72127,0
0.98779,0,0.15581,0,1,0,-0.15581,0,0.98779,0.12709,0,0.72139,0
0.98753,0,0.15742,0,1,0,-0.15742,0,0.98753,0.12843,0,0.72151,0
0.98727,0,0.15904,0,1,0,-0.15904,0,0.98727,0.12977,0,0.72163,0
0.98701,0,0.16066,0,1,0,-0.16066,0,0.98701,0.13113,0,0.72174,0
0.98674,0,0.1623,0,1,0,-0.1623,0,0.98674,0.13249,0,0.72185,0
0.98647,0,0.16394,0,1,0,-0.16394,0,0.98647,0.13386,0,0.72196,0
0.98619,0,0.16559,0,1,0,-0.16559,0,0.98619,0.13523,0,0.72207,0
0.98591,0,0.16725,0,1,0,-0.16725,0,0.98591,0.13662,0,0.72218,0
0.98563,0,0.16892,0,1,0,-0.16892,0,0.98563,0.13801,0,0.72229,0
0.98534,0,0.17059,0,1,0,-0.17059,0,0.98534,0.1394,0,0.72239,0
0.98505,0,0.17228,0,1,0,-0.17228,0,0.98505,0.14081,0,0.72249,0
0.98475,0,0.17397,0,1,0,-0.17397,0,0.98475,0.14222,0,0.72259,0
0.98445,0,0.17567,0,1,0,-0.17567,0,0.98445,0.14364,0,0.72269,0
0.98414,0,0.17738,0,1,0,-0.17738,0,0.98414,0.14507,0,0.72279,0
0.98383,0,0.17909,0,1,0,-0.17909,0,0.98383,0.14651,0,0.72288,0
0.98352,0,0.18082,0,1,0,-0.18082,0,0.98352,0.14795,0,0.72298,0
0.9832,0,0.18255,0,1,0,-0.18255,0,0.9832,0.1494,0,0.72307,0
0.98287,0,0.18429,0,1,0,-0.18429,0,0.98287,0.15086,0,0.72316,0
0.98254,0,0.18604,0,1,0,-0.18604,0,0.98254,0.15232,0,0.72324,0
0.98221,0,0.18779,0,1,0,-0.18779,0,0.98221,0.15379,0,0.72333,0
0.98187,0,0.18956,0,1,0,-0.18956,0,0.98187,0.15527,0,0.72341,0
0.98153,0,0.19133,0,1,0,-0.19133,0,0.98153,0.15676,0,0.72349,0
0.98118,0,0.19311,0,1,0,-0.19311,0,0.98118,0.15825,0,0.72356,0
0.98082,0,0.19489,0,1,0,-0.19489,0,0.98082,0.15975,0,0.72364,0
0.98047,0,0.19669,0,1,0,-0.19669,0,0.98047,0.16126,0,0.72371,0
0.9801,0,0.19849,0,1,0,-0.19849,0,0.9801,0.16277,0,0.72378,0
0.97973,0,0.2003,0,1,0,-0.2003,0,0.97973,0.1643,0,0.72385,0
0.97936,0,0.20212,0,1,0,-0.20212,0,0.97936,0.16583,0,0.72391,0
0.97898,0,0.20395,0,1,0,-0.20395,0,0.97898,0.16736,0,0.72397,0
0.9786,0,0.20578,0,1,0,-0.20578,0,0.9786,0.1689,0,0.72403,0
0.97821,0,0.20762,0,1,0,-0.20762,0,0.97821,0.17046,0,0.72409,0
0.97782,0,0.20947,0,1,0,-0.20947,0,0.97782,0.17201,0,0.72415,0
0.97742,0,0.21133,0,1,0,-0.21133,0,0.97742,0.17358,0,0.7242,0
0.97701,0,0.21319,0,1,0,-0.21319,0,0.97701,0.17515,0,0.72425,0
0.9766,0,0.21506,0,1,0,-0.21506,0,0.9766,0.17673,0,0.72429,0
0.97619,0,0.21694,0,1,0,-0.21694,0,0.97619,0.17831,0,0.72434,0
0.97576,0,0.21882,0,1,0,-0.21882,0,0.97576,0.17991,0,0.72438,0
0.97534,0,0.22072,0,1,0,-0.22072,0,0.97534,0.18151,0,0.72441,0
0.97491,0,0.22262,0,1,0,-0.22262,0,0.97491,0.18311,0,0.72445,0
0.97447,0,0.22452,0,1,0,-0.22452,0,0.97447,0.18473,0,0.72448,0
0.97403,0,0.22644,0,1,0,-0.22644,0,0.97403,0.18635,0,0.72451,0
0.97358,0,0.22836,0,1,0,-0.22836,0,0.97358,0.18797,0,0.72453,0
0.97312,0,0.23029,0,1,0,-0.23029,0,0.97312,0.18961,0,0.72456,0
0.97266,0,0.23223,0,1,0,-0.23223,0,0.97266,0.19125,0,0.72457,0
0.9722,0,0.23417,0,1,0,-0.23417,0,0.9722,0.1929,0,0.72459,0
0.97172,0,0.23612,0,1,0,-0.23612,0,0.97172,0.19455,0,0.7246,0
0.97125,0,0.23808,0,1,0,-0.23808,0,0.97125,0.19621,0,0.72461,0
0.97076,0,0.24004,0,1,0,-0.24004,0,0.97076,0.19788,0,0.72462,0
0.97027,0,0.24201,0,1,0,-0.24201,0,0.97027,0.19955,0,0.72462,0
0.96978,0,0.24399,0,1,0,-0.24399,0,0.96978,0.20124,0,0.72462,0
0.96928,0,0.24597,0,1,0,-0.24597,0,0.96928,0.20292,0,0.72462,0
0.96877,0,0.24796,0,1,0,-0.24796,0,0.96877,0.20462,0,0.72461,0
0.96826,0,0.24996,0,1,0,-0.24996,0,0.96826,0.20632,0,0.7246,0
0.96774,0,0.25197,0,1,0,-0.25197,0,0.96774,0.20803,0,0.72458,0
0.96721,0,0.25398,0,1,0,-0.25398,0,0.96721,0.20974,0,0.72456,0
0.96668,0,0.25599,0,1,0,-0.25599,0,0.96668,0.21146,0,0.72454,0
0.96614,0,0.25802,0,1,0,-0.25802,0,0.96614,0.21319,0,0.72452,0
0.9656,0,0.26005,0,1,0,-0.26005,0,0.9656,0.21492,0,0.72449,0
0.96504,0,0.26209,0,1,0,-0.26209,0,0.96504,0.21666,0,0.72445,0
0.96449,0,0.26413,0,1,0,-0.26413,0,0.96449,0.21841,0,0.72442,0
0.96392,0,0.26618,0,1,0,-0.26618,0,0.96392,0.22016,0,0.72437,0
0.96335,0,0.26824,0,1,0,-0.26824,0,0.96335,0.22192,0,0.72433,0
0.96278,0,0.2703,0,1,0,-0.2703,0,0.96278,0.22368,0,0.72428,0
0.96219,0,0.27237,0,1,0,-0.27237,0,0.96219,0.22545,0,0.72423,0
0.9616,0,0.27444,0,1,0,-0.27444,0,0.9616,0.22723,0,0.72417,0
0.96101,0,0.27652,0,1,0,-0.27652,0,0.96101,0.22902,0,0.72411,0
0.9604,0,0.27861,0,1,0,-0.27861,0,0.9604,0.23081,0,0.72405,0
0.9598,0,0.2807,0,1,0,-0.2807,0,0.9598,0.2326,0,0.72398,0
0.95918,0,0.2828,0,1,0,-0.2828,0,0.95918,0.2344,0,0.7239,0
0.95856,0,0.2849,0,1,0,-0.2849,0,0.95856,0.23621,0,0.72383,0
0.95793,0,0.28701,0,1,0,-0.28701,0,0.95793,0.23803,0,0.72374,0
0.95729,0,0.28913,0,1,0,-0.28913,0,0.95729,0.23985,0,0.72366,0
0.95665,0,0.29125,0,1,0,-0.29125,0,0.95665,0.24167,0,0.72357,0
0.956,0,0.29338,0,1,0,-0.29338,0,0.956,0.24351,0,0.72347,0
0.95534,0,0.29551,0,1,0,-0.29551,0,0.95534,0.24534,0,0.72337,0
0.95467,0,0.29765,0,1,0,-0.29765,0,0.95467,0.24719,0,0.72327,0
0.954,0,0.2998,0,1,0,-0.2998,0,0.954,0.24904,0,0.72316,0
0.95332,0,0.30195,0,1,0,-0.30195,0,0.95332,0.25089,0,0.72305,0
0.95264,0,0.3041,0,1,0,-0.3041,0,0.95264,0.25275,0,0.72293,0
0.95195,0,0.30626,0,1,0,-0.30626,0,0.95195,0.25462,0,0.72281,0
0.95125,0,0.30843,0,1,0,-0.30843,0,0.95125,0.25649,0,0.72268,0
0.95054,0,0.3106,0,1,0,-0.3106,0,0.95054,0.25837,0,0.72255,0
0.94983,0,0.31278,0,1,0,-0.31278,0,0.94983,0.26026,0,0.72242,0
0.94911,0,0.31496,0,1,0,-0.31496,0,0.94911,0.26214,0,0.72228,0
0.94838,0,0.31714,0,1,0,-0.31714,0,0.94838,0.26404,0,0.72213,0
0.94764,0,0.31934,0,1,0,-0.31934,0,0.94764,0.26594,0,0.72198,0
0.9469,0,0.32153,0,1,0,-0.32153,0,0.9469,0.26785,0,0.72183,0
0.94615,0,0.32373,0,1,0,-0.32373,0,0.94615,0.26976,0,0.72167,0
0.94539,0,0.32594,0,1,0,-0.32594,0,0.94539,0.27167,0,0.7215,0
0.94463,0,0.32815,0,1,0,-0.32815,0,0.94463,0.2736,0,0.72133,0
0.94385,0,0.33037,0,1,0,-0.33037,0,0.94385,0.27552,0,0.72116,0
0.94307,0,0.33259,0,1,0,-0.33259,0,0.94307,0.27746,0,0.72098,0
0.94228,0,0.33481,0,1,0,-0.33481,0,0.94228,0.27939,0,0.72079,0
0.94149,0,0.33704,0,1,0,-0.33704,0,0.94149,0.28134,0,0.7206,0
0.94069,0,0.33928,0,1,0,-0.33928,0,0.94069,0.28328,0,0.7204,0
0.93988,0,0.34152,0,1,0,-0.34152,0,0.93988,0.28524,0,0.7202,0
0.93906,0,0.34376,0,1,0,-0.34376,0,0.93906,0.2872,0,0.72,0
0.93823,0,0.34601,0,1,0,-0.34601,0,0.93823,0.28916,0,0.71979,0
0.9374,0,0.34826,0,1,0,-0.34826,0,0.9374,0.29113,0,0.71957,0
0.93656,0,0.35052,0,1,0,-0.35052,0,0.93656,0.2931,0,0.71935,0
0.93571,0,0.35278,0,1,0,-0.35278,0,0.93571,0.29508,0,0.71912,0
0.93485,0,0.35504,0,1,0,-0.35504,0,0.93485,0.29706,0,0.71889,0
0.93399,0,0.35731,0,1,0,-0.35731,0,0.93399,0.29905,0,0.71865,0
0.93311,0,0.35958,0,1,0,-0.35958,0,0.93311,0.30104,0,0.71841,0
0.93223,0,0.36186,0,1,0,-0.36186,0,0.93223,0.30304,0,0.71816,0
0.93135,0,0.36414,0,1,0,-0.36414,0,0.93135,0.30504,0,0.7179,0
0.93045,0,0.36642,0,1,0,-0.36642,0,0.93045,0.30705,0,0.71764,0
0.92955,0,0.36871,0,1,0,-0.36871,0,0.92955,0.30906,0,0.71738,0
0.92863,0,0.371,0,1,0,-0.371,0,0.92863,0.31107,0,0.71711,0
0.92771,0,0.37329,0,1,0,-0.37329,0,0.92771,0.31309,0,0.71683,0
0.92679,0,0.37559,0,1,0,-0.37559,0,0.92679,0.31512,0,0.71655,0
0.92585,0,0.37789,0,1,0,-0.37789,0,0.92585,0.31714,0,0.71626,0
0.92491,0,0.3802,0,1,0,-0.3802,0,0.92491,0.31918,0,0.71596,0
0.92395,0,0.38251,0,1,0,-0.38251,0,0.92395,0.32121,0,0.71566,0
0.92299,0,0.38482,0,1,0,-0.38482,0,0.92299,0.32326,0,0.71536,0
0.92202,0,0.38713,0,1,0,-0.38713,0,0.92202,0.3253,0,0.71505,0
0.92105,0,0.38945,0,1,0,-0.38945,0,0.92105,0.32735,0,0.71473,0
0.92006,0,0.39177,0,1,0,-0.39177,0,0.92006,0.3294,0,0.7144,0
0.91907,0,0.3941,0,1,0,-0.3941,0,0.91907,0.33146,0,0.71407,0
0.91807,0,0.39642,0,1,0,-0.39642,0,0.91807,0.33352,0,0.71374,0
0.91706,0,0.39875,0,1,0,-0.39875,0,0.91706,0.33559,0,0.7134,0
0.91604,0,0.40108,0,1,0,-0.40108,0,0.91604,0.33766,0,0.71305,0
0.91501,0,0.40342,0,1,0,-0.40342,0,0.91501,0.33973,0,0.7127,0
0.91398,0,0.40576,0,1,0,-0.40576,0,0.91398,0.34181,0,0.71234,0
0.91294,0,0.4081,0,1,0,-0.4081,0,0.91294,0.34389,0,0.71197,0
0.91189,0,0.41044,0,1,0,-0.41044,0,0.91189,0.34598,0,0.7116,0
0.91083,0,0.41279,0,1,0,-0.41279,0,0.91083,0.34806,0,0.71122,0
0.90976,0,0.41514,0,1,0,-0.41514,0,0.90976,0.35016,0,0.71083,0
0.90868,0,0.41749,0,1,0,-0.41749,0,0.90868,0.35225,0,0.71044,0
0.9076,0,0.41984,0,1,0,-0.41984,0,0.9076,0.35435,0,0.71005,0
0.90651,0,0.42219,0,1,0,-0.42219,0,0.90651,0.35645,0,0.70964,0
0.9054,0,0.42455,0,1,0,-0.42455,0,0.9054,0.35856,0,0.70923,0
0.90429,0,0.42691,0,1,0,-0.42691,0,0.90429,0.36067,0,0.70882,0
0.90318,0,0.42927,0,1,0,-0.42927,0,0.90318,0.36278,0,0.7084,0
0.90205,0,0.43163,0,1,0,-0.43163,0,0.90205,0.3649,0,0.70797,0
0.90091,0,0.434,0,1,0,-0.434,0,0.90091,0.36701,0,0.70753,0
0.89977,0,0.43636,0,1,0,-0.43636,0,0.89977,0.36914,0,0.70709,0
0.89862,0,0.43873,0,1,0,-0.43873,0,0.89862,0.37126,0,0.70664,0
0.89746,0,0.4411,0,1,0,-0.4411,0,0.89746,0.37339,0,0.70619,0
0.89629,0,0.44347,0,1,0,-0.44347,0,0.89629,0.37552,0,0.70572,0
0.89511,0,0.44585,0,1,0,-0.44585,0,0.89511,0.37765,0,0.70526,0
0.89392,0,0.44822,0,1,0,-0.44822,0,0.89392,0.37979,0,0.70478,0
0.89273,0,0.45059,0,1,0,-0.45059,0,0.89273,0.38193,0,0.7043,0
0.89152,0,0.45297,0,1,0,-0.45297,0,0.89152,0.38407,0,0.70381,0
0.89031,0,0.45535,0,1,0,-0.45535,0,0.89031,0.38622,0,0.70332,0
0.88909,0,0.45773,0,1,0,-0.45773,0,0.88909,0.38836,0,0.70282,0
0.88786,0,0.46011,0,1,0,-0.46011,0,0.88786,0.39051,0,0.70231,0
0.88662,0,0.46249,0,1,0,-0.46249,0,0.88662,0.39267,0,0.7018,0
0.88538,0,0.46487,0,1,0,-0.46487,0,0.88538,0.39482,0,0.70128,0
0.88412,0,0.46726,0,1,0,-0.46726,0,0.88412,0.39698,0,0.70075,0
0.88286,0,0.46964,0,1,0,-0.46964,0,0.88286,0.39914,0,0.70021,0
0.88159,0,0.47202,0,1,0,-0.47202,0,0.88159,0.4013,0,0.69967,0
0.8803,0,0.47441,0,1,0,-0.47441,0,0.8803,0.40347,0,0.69913,0
0.87901,0,0.47679,0,1,0,-0.47679,0,0.87901,0.40563,0,0.69857,0
0.87772,0,0.47918,0,1,0,-0.47918,0,0.87772,0.4078,0,0.69801,0
0.87641,0,0.48157,0,1,0,-0.48157,0,0.87641,0.40997,0,0.69744,0
0.87509,0,0.48395,0,1,0,-0.48395,0,0.87509,0.41214,0,0.69687,0
0.87377,0,0.48634,0,1,0,-0.48634,0,0.87377,0.41432,0,0.69628,0
0.87244,0,0.48873,0,1,0,-0.48873,0,0.87244,0.4165,0,0.69569,0
0.87109,0,0.49112,0,1,0,-0.49112,0,0.87109,0.41867,0,0.6951,0
0.86974,0,0.4935,0,1,0,-0.4935,0,0.86974,0.42085,0,0.6945,0
0.86838,0,0.49589,0,1,0,-0.49589,0,0.86838,0.42304,0,0.69389,0
0.86702,0,0.49828,0,1,0,-0.49828,0,0.86702,0.42522,0,0.69327,0
0.86564,0,0.50067,0,1,0,-0.50067,0,0.86564,0.4274,0,0.69265,0
0.86426,0,0.50305,0,1,0,-0.50305,0,0.86426,0.42959,0,0.69201,0
0.86286,0,0.50544,0,1,0,-0.50544,0,0.86286,0.43178,0,0.69138,0
0.86146,0,0.50783,0,1,0,-0.50783,0,0.86146,0.43397,0,0.69073,0
0.86005,0,0.51021,0,1,0,-0.51021,0,0.86005,0.43616,0,0.69008,0
0.85863,0,0.5126,0,1,0,-0.5126,0,0.85863,0.43835,0,0.68942,0
0.8572,0,0.51498,0,1,0,-0.51498,0,0.8572,0.44055,0,0.68876,0
0.85576,0,0.51737,0,1,0,-0.51737,0,0.85576,0.44274,0,0.68808,0
0.85432,0,0.51975,0,1,0,-0.51975,0,0.85432,0.44494,0,0.6874,0
0.85286,0,0.52213,0,1,0,-0.52213,0,0.85286,0.44713,0,0.68672,0
0.8514,0,0.52452,0,1,0,-0.52452,0,0.8514,0.44933,0,0.68602,0
0.84993,0,0.5269,0,1,0,-0.5269,0,0.84993,0.45153,0,0.68532,0
0.84845,0,0.52928,0,1,0,-0.52928,0,0.84845,0.45373,0,0.68461,0
0.84696,0,0.53166,0,1,0,-0.53166,0,0.84696,0.45593,0,0.6839,0
0.84546,0,0.53403,0,1,0,-0.53403,0,0.84546,0.45813,0,0.68318,0
0.84396,0,0.53641,0,1,0,-0.53641,0,0.84396,0.46034,0,0.68245,0
0.84244,0,0.53878,0,1,0,-0.53878,0,0.84244,0.46254,0,0.68171,0
0.84092,0,0.54116,0,1,0,-0.54116,0,0.84092,0.46474,0,0.68097,0
0.83939,0,0.54353,0,1,0,-0.54353,0,0.83939,0.46695,0,0.68022,0
0.83785,0,0.5459,0,1,0,-0.5459,0,0.83785,0.46915,0,0.67946,0
0.8363,0,0.54827,0,1,0,-0.54827,0,0.8363,0.47136,0,0.6787,0
0.83474,0,0.55064,0,1,0,-0.55064,0,0.83474,0.47356,0,0.67792,0
0.83318,0,0.553,0,1,0,-0.553,0,0.83318,0.47577,0,0.67714,0
0.83161,0,0.55537,0,1,0,-0.55537,0,0.83161,0.47797,0,0.67636,0
0.83002,0,0.55773,0,1,0,-0.55773,0,0.83002,0.48018,0,0.67556,0
0.82843,0,0.56009,0,1,0,-0.56009,0,0.82843,0.48239,0,0.67476,0
0.82683,0,0.56245,0,1,0,-0.56245,0,0.82683,0.48459,0,0.67396,0
0.82523,0,0.5648,0,1,0,-0.5648,0,0.82523,0.4868,0,0.67314,0
0.82361,0,0.56716,0,1,0,-0.56716,0,0.82361,0.489,0,0.67232,0
0.82199,0,0.56951,0,1,0,-0.56951,0,0.82199,0.49121,0,0.67149,0
0.82035,0,0.57186,0,1,0,-0.57186,0,0.82035,0.49342,0,0.67065,0
0.81871,0,0.57421,0,1,0,-0.57421,0,0.81871,0.49562,0,0.66981,0
0.81706,0,0.57655,0,1,0,-0.57655,0,0.81706,0.49783,0,0.66896,0
0.8154,0,0.57889,0,1,0,-0.57889,0,0.8154,0.50003,0,0.6681,0
0.81374,0,0.58123,0,1,0,-0.58123,0,0.81374,0.50224,0,0.66724,0
0.81206,0,0.58357,0,1,0,-0.58357,0,0.81206,0.50444,0,0.66637,0
0.81038,0,0.5859,0,1,0,-0.5859,0,0.81038,0.50665,0,0.66549,0
0.80869,0,0.58823,0,1,0,-0.58823,0,0.80869,0.50885,0,0.6646,0
0.80699,0,0.59056,0,1,0,-0.59056,0,0.80699,0.51105,0,0.66371,0
0.80529,0,0.59289,0,1,0,-0.59289,0,0.80529,0.51325,0,0.66281,0
0.80357,0,0.59521,0,1,0,-0.59521,0,0.80357,0.51545,0,0.6619,0
0.80185,0,0.59753,0,1,0,-0.59753,0,0.80185,0.51765,0,0.66098,0
0.80012,0,0.59984,0,1,0,-0.59984,0,0.80012,0.51985,0,0.66006,0
0.79838,0,0.60216,0,1,0,-0.60216,0,0.79838,0.52205,0,0.65913,0
0.79663,0,0.60447,0,1,0,-0.60447,0,0.79663,0.52425,0,0.6582,0
0.79487,0,0.60677,0,1,0,-0.60677,0,0.79487,0.52644,0,0.65725,0
0.79311,0,0.60908,0,1,0,-0.60908,0,0.79311,0.52864,0,0.6563,0
0.79134,0,0.61138,0,1,0,-0.61138,0,0.79134,0.53083,0,0.65535,0
0.78956,0,0.61367,0,1,0,-0.61367,0,0.78956,0.53303,0,0.65438,0
0.78777,0,0.61596,0,1,0,-0.61596,0,0.78777,0.53522,0,0.65341,0
0.78598,0,0.61825,0,1,0,-0.61825,0,0.78598,0.53741,0,0.65243,0
0.78418,0,0.62054,0,1,0,-0.62054,0,0.78418,0.5396,0,0.65145,0
0.78237,0,0.62282,0,1,0,-0.62282,0,0.78237,0.54178,0,0.65046,0
0.78055,0,0.6251,0,1,0,-0.6251,0,0.78055,0.54397,0,0.64946,0
0.77872,0,0.62737,0,1,0,-0.62737,0,0.77872,0.54615,0,0.64845,0
0.77689,0,0.62964,0,1,0,-0.62964,0,0.77689,0.54833,0,0.64744,0
0.77505,0,0.6319,0,1,0,-0.6319,0,0.77505,0.55051,0,0.64642,0
0.7732,0,0.63417,0,1,0,-0.63417,0,0.7732,0.55269,0,0.64539,0
0.77134,0,0.63642,0,1,0,-0.63642,0,0.77134,0.55487,0,0.64436,0
0.76948,0,0.63868,0,1,0,-0.63868,0,0.76948,0.55705,0,0.64332,0
0.7676,0,0.64092,0,1,0,-0.64092,0,0.7676,0.55922,0,0.64227,0
0.76572,0,0.64317,0,1,0,-0.64317,0,0.76572,0.56139,0,0.64121,0
0.76384,0,0.64541,0,1,0,-0.64541,0,0.76384,0.56356,0,0.64015,0
0.76194,0,0.64764,0,1,0,-0.64764,0,0.76194,0.56573,0,0.63908,0
0.76004,0,0.64987,0,1,0,-0.64987,0,0.76004,0.56789,0,0.63801,0
0.75813,0,0.6521,0,1,0,-0.6521,0,0.75813,0.57005,0,0.63693,0
0.75622,0,0.65432,0,1,0,-0.65432,0,0.75622,0.57221,0,0.63584,0
0.75429,0,0.65654,0,1,0,-0.65654,0,0.75429,0.57437,0,0.63474,0
0.75236,0,0.65875,0,1,0,-0.65875,0,0.75236,0.57653,0,0.63364,0
0.75043,0,0.66095,0,1,0,-0.66095,0,0.75043,0.57868,0,0.63253,0
0.74848,0,0.66316,0,1,0,-0.66316,0,0.74848,0.58083,0,0.63142,0
0.74653,0,0.66535,0,1,0,-0.66535,0,0.74653,0.58298,0,0.63029,0
0.74457,0,0.66754,0,1,0,-0.66754,0,0.74457,0.58512,0,0.62916,0
0.7426,0,0.66973,0,1,0,-0.66973,0,0.7426,0.58726,0,0.62803,0
0.74063,0,0.67191,0,1,0,-0.67191,0,0.74063,0.5894,0,0.62689,0
0.73865,0,0.67409,0,1,0,-0.67409,0,0.73865,0.59154,0,0.62574,0
0.73666,0,0.67626,0,1,0,-0.67626,0,0.73666,0.59368,0,0.62458,0
0.73467,0,0.67843,0,1,0,-0.67843,0,0.73467,0.59581,0,0.62342,0
0.73267,0,0.68059,0,1,0,-0.68059,0,0.73267,0.59793,0,0.62225,0
0.73066,0,0.68274,0,1,0,-0.68274,0,0.73066,0.60006,0,0.62108,0
0.72865,0,0.68489,0,1,0,-0.68489,0,0.72865,0.60218,0,0.6199,0
0.72663,0,0.68703,0,1,0,-0.68703,0,0.72663,0.6043,0,0.61871,0
0.7246,0,0.68917,0,1,0,-0.68917,0,0.7246,0.60642,0,0.61751,0
0.72257,0,0.6913,0,1,0,-0.6913,0,0.72257,0.60853,0,0.61631,0
0.72053,0,0.69343,0,1,0,-0.69343,0,0.72053,0.61064,0,0.61511,0
0.71848,0,0.69555,0,1,0,-0.69555,0,0.71848,0.61274,0,0.61389,0
0.71642,0,0.69766,0,1,0,-0.69766,0,0.71642,0.61485,0,0.61267,0
0.71437,0,0.69977,0,1,0,-0.69977,0,0.71437,0.61695,0,0.61145,0
0.7123,0,0.70188,0,1,0,-0.70188,0,0.7123,0.61904,0,0.61021,0
0.71023,0,0.70397,0,1,0,-0.70397,0,0.71023,0.62113,0,0.60898,0
0.70815,0,0.70606,0,1,0,-0.70606,0,0.70815,0.62322,0,0.60773,0
0.70606,0,0.70815,0,1,0,-0.70815,0,0.70606,0.62531,0,0.60648,0
0.70397,0,0.71023,0,1,0,-0.71023,0,0.70397,0.62739,0,0.60522,0
0.70188,0,0.7123,0,1,0,-0.7123,0,0.70188,0.62946,0,0.60396,0
0.69977,0,0.71437,0,1,0,-0.71437,0,0.69977,0.63154,0,0.60269,0
0.69766,0,0.71642,0,1,0,-0.71642,0,0.69766,0.63361,0,0.60142,0
0.69555,0,0.71848,0,1,0,-0.71848,0,0.69555,0.63567,0,0.60014,0
0.69343,0,0.72053,0,1,0,-0.72053,0,0.69343,0.63773,0,0.59885,0
0.6913,0,0.72257,0,1,0,-0.72257,0,0.6913,0.63979,0,0.59756,0
0.68917,0,0.7246,0,1,0,-0.7246,0,0.68917,0.64185,0,0.59626,0
0.68703,0,0.72663,0,1,0,-0.72663,0,0.68703,0.64389,0,0.59495,0
0.68489,0,0.72865,0,1,0,-0.72865,0,0.68489,0.64594,0,0.59364,0
0.68274,0,0.73066,0,1,0,-0.73066,0,0.68274,0.64798,0,0.59232,0
0.68059,0,0.73267,0,1,0,-0.73267,0,0.68059,0.65002,0,0.591,0
0.67843,0,0.73467,0,1,0,-0.73467,0,0.67843,0.65205,0,0.58967,0
0.67626,0,0.73666,0,1,0,-0.73666,0,0.67626,0.65408,0,0.58834,0
0.67409,0,0.73865,0,1,0,-0.73865,0,0.67409,0.6561,0,0.587,0
0.67191,0,0.74063,0,1,0,-0.74063,0,0.67191,0.65812,0,0.58566,0
0.66973,0,0.7426,0,1,0,-0.7426,0,0.66973,0.66014,0,0.58431,0
0.66754,0,0.74457,0,1,0,-0.74457,0,0.66754,0.66215,0,0.58295,0
0.66535,0,0.74653,0,1,0,-0.74653,0,0.66535,0.66415,0,0.58159,0
0.66316,0,0.74848,0,1,0,-0.74848,0,0.66316,0.66615,0,0.58022,0
0.66095,0,0.75043,0,1,0,-0.75043,0,0.66095,0.66815,0,0.57885,0
0.65875,0,0.75236,0,1,0,-0.75236,0,0.65875,0.67014,0,0.57747,0
0.65654,0,0.75429,0,1,0,-0.75429,0,0.65654,0.67213,0,0.57609,0
0.65432,0,0.75622,0,1,0,-0.75622,0,0.65432,0.67411,0,0.5747,0
0.6521,0,0.75813,0,1,0,-0.75813,0,0.6521,0.67609,0,0.57331,0
0.64987,0,0.76004,0,1,0,-0.76004,0,0.64987,0.67806,0,0.57191,0
0.64764,0,0.76194,0,1,0,-0.76194,0,0.64764,0.68003,0,0.5705,0
0.64541,0,0.76384,0,1,0,-0.76384,0,0.64541,0.68199,0,0.56909,0
0.64317,0,0.76572,0,1,0,-0.76572,0,0.64317,0.68395,0,0.56768,0
0.64092,0,0.7676,0,1,0,-0.7676,0,0.64092,0.6859,0,0.56626,0
0.63868,0,0.76948,0,1,0,-0.76948,0,0.63868,0.68785,0,0.56484,0
0.63642,0,0.77134,0,1,0,-0.77134,0,0.63642,0.68979,0,0.56341,0
0.63417,0,0.7732,0,1,0,-0.7732,0,0.63417,0.69172,0,0.56197,0
0.6319,0,0.77505,0,1,0,-0.77505,0,0.6319,0.69366,0,0.56053,0
0.62964,0,0.77689,0,1,0,-0.77689,0,0.62964,0.69558,0,0.55909,0
0.62737,0,0.77872,0,1,0,-0.77872,0,0.62737,0.6975,0,0.55764,0
0.6251,0,0.78055,0,1,0,-0.78055,0,0.6251,0.69942,0,0.55619,0
0.62282,0,0.78237,0,1,0,-0.78237,0,0.62282,0.70133,0,0.55473,0
0.62054,0,0.78418,0,1,0,-0.78418,0,0.62054,0.70323,0,0.55327,0
0.61825,0,0.78598,0,1,0,-0.78598,0,0.61825,0.70513,0,0.5518,0
0.61596,0,0.78777,0,1,0,-0.78777,0,0.61596,0.70703,0,0.55033,0
0.61367,0,0.78956,0,1,0,-0.78956,0,0.61367,0.70891,0,0.54885,0
0.61138,0,0.79134,0,1,0,-0.79134,0,0.61138,0.7108,0,0.54737,0
0.60908,0,0.79311,0,1,0,-0.79311,0,0.60908,0.71267,0,0.54588,0
0.60677,0,0.79487,0,1,0,-0.79487,0,0.60677,0.71454,0,0.54439,0
0.60447,0,0.79663,0,1,0,-0.79663,0,0.60447,0.71641,0,0.5429,0
0.60216,0,0.79838,0,1,0,-0.79838,0,0.60216,0.71827,0,0.5414,0
0.59984,0,0.80012,0,1,0,-0.80012,0,0.59984,0.72012,0,0.5399,0
0.59753,0,0.80185,0,1,0,-0.80185,0,0.59753,0.72197,0,0.53839,0
0.59521,0,0.80357,0,1,0,-0.80357,0,0.59521,0.72381,0,0.53688,0
0.59289,0,0.80529,0,1,0,-0.80529,0,0.59289,0.72565,0,0.53537,0
0.59056,0,0.80699,0,1,0,-0.80699,0,0.59056,0.72748,0,0.53385,0
0.58823,0,0.80869,0,1,0,-0.80869,0,0.58823,0.72931,0,0.53232,0
0.5859,0,0.81038,0,1,0,-0.81038,0,0.5859,0.73113,0,0.5308,0
0.58357,0,0.81206,0,1,0,-0.81206,0,0.58357,0.73294,0,0.52927,0
0.58123,0,0.81374,0,1,0,-0.81374,0,0.58123,0.73474,0,0.52773,0
0.57889,0,0.8154,0,1,0,-0.8154,0,0.57889,0.73655,0,0.52619,0
0.57655,0,0.81706,0,1,0,-0.81706,0,0.57655,0.73834,0,0.52465,0
0.57421,0,0.81871,0,1,0,-0.81871,0,0.57421,0.74013,0,0.52311,0
0.57186,0,0.82035,0,1,0,-0.82035,0,0.57186,0.74191,0,0.52156,0
0.56951,0,0.82199,0,1,0,-0.82199,0,0.56951,0.74369,0,0.52,0
0.56716,0,0.82361,0,1,0,-0.82361,0,0.56716,0.74546,0,0.51845,0
0.5648,0,0.82523,0,1,0,-0.82523,0,0.5648,0.74722,0,0.51689,0
0.56245,0,0.82683,0,1,0,-0.82683,0,0.56245,0.74898,0,0.51532,0
0.56009,0,0.82843,0,1,0,-0.82843,0,0.56009,0.75073,0,0.51376,0
0.55773,0,0.83002,0,1,0,-0.83002,0,0.55773,0.75247,0,0.51219,0
0.55537,0,0.83161,0,1,0,-0.83161,0,0.55537,0.75421,0,0.51061,0
0.553,0,0.83318,0,1,0,-0.83318,0,0.553,0.75594,0,0.50904,0
0.55064,0,0.83474,0,1,0,-0.83474,0,0.55064,0.75767,0,0.50746,0
0.54827,0,0.8363,0,1,0,-0.8363,0,0.54827,0.75939,0,0.50588,0
0.5459,0,0.83785,0,1,0,-0.83785,0,0.5459,0.7611,0,0.50429,0
0.54353,0,0.83939,0,1,0,-0.83939,0,0.54353,0.76281,0,0.5027,0
0.54116,0,0.84092,0,1,0,-0.84092,0,0.54116,0.76451,0,0.50111,0
0.53878,0,0.84244,0,1,0,-0.84244,0,0.53878,0.7662,0,0.49952,0
0.53641,0,0.84396,0,1,0,-0.84396,0,0.53641,0.76788,0,0.49792,0
0.53403,0,0.84546,0,1,0,-0.84546,0,0.53403,0.76956,0,0.49632,0
0.53166,0,0.84696,0,1,0,-0.84696,0,0.53166,0.77124,0,0.49472,0
0.52928,0,0.84845,0,1,0,-0.84845,0,0.52928,0.7729,0,0.49311,0
0.5269,0,0.84993,0,1,0,-0.84993,0,0.5269,0.77456,0,0.4915,0
0.52452,0,0.8514,0,1,0,-0.8514,0,0.52452,0.77622,0,0.48989,0
0.52213,0,0.85286,0,1,0,-0.85286,0,0.52213,0.77786,0,0.48828,0
0.51975,0,0.85432,0,1,0,-0.85432,0,0.51975,0.7795,0,0.48666,0
0.51737,0,0.85576,0,1,0,-0.85576,0,0.51737,0.78114,0,0.48505,0
0.51498,0,0.8572,0,1,0,-0.8572,0,0.51498,0.78276,0,0.48343,0
0.5126,0,0.85863,0,1,0,-0.85863,0,0.5126,0.78438,0,0.4818,0
0.51021,0,0.86005,0,1,0,-0.86005,0,0.51021,0.786,0,0.48018,0
0.50783,0,0.86146,0,1,0,-0.86146,0,0.50783,0.7876,0,0.47855,0
0.50544,0,0.86286,0,1,0,-0.86286,0,0.50544,0.7892,0,0.47692,0
0.50305,0,0.86426,0,1,0,-0.86426,0,0.50305,0.79079,0,0.47529,0
0.50067,0,0.86564,0,1,0,-0.86564,0,0.50067,0.79238,0,0.47366,0
0.49828,0,0.86702,0,1,0,-0.86702,0,0.49828,0.79396,0,0.47203,0
0.49589,0,0.86838,0,1,0,-0.86838,0,0.49589,0.79553,0,0.47039,0
0.4935,0,0.86974,0,1,0,-0.86974,0,0.4935,0.79709,0,0.46875,0
0.49112,0,0.87109,0,1,0,-0.87109,0,0.49112,0.79865,0,0.46711,0
0.48873,0,0.87244,0,1,0,-0.87244,0,0.48873,0.8002,0,0.46547,0
0.48634,0,0.87377,0,1,0,-0.87377,0,0.48634,0.80175,0,0.46383,0
0.48395,0,0.87509,0,1,0,-0.87509,0,0.48395,0.80328,0,0.46218,0
0.48157,0,0.87641,0,1,0,-0.87641,0,0.48157,0.80481,0,0.46054,0
0.47918,0,0.87772,0,1,0,-0.87772,0,0.47918,0.80634,0,0.45889,0
0.47679,0,0.87901,0,1,0,-0.87901,0,0.47679,0.80785,0,0.45724,0
0.47441,0,0.8803,0,1,0,-0.8803,0,0.47441,0.80936,0,0.45559,0
0.47202,0,0.88159,0,1,0,-0.88159,0,0.47202,0.81086,0,0.45394,0
0.46964,0,0.88286,0,1,0,-0.88286,0,0.46964,0.81236,0,0.45228,0
0.46726,0,0.88412,0,1,0,-0.88412,0,0.46726,0.81385,0,0.45063,0
0.46487,0,0.88538,0,1,0,-0.88538,0,0.46487,0.81533,0,0.44897,0
0.46249,0,0.88662,0,1,0,-0.88662,0,0.46249,0.8168,0,0.44732,0
0.46011,0,0.88786,0,1,0,-0.88786,0,0.46011,0.81827,0,0.44566,0
0.45773,0,0.88909,0,1,0,-0.88909,0,0.45773,0.81973,0,0.444,0
0.45535,0,0.89031,0,1,0,-0.89031,0,0.45535,0.82118,0,0.44234,0
0.45297,0,0.89152,0,1,0,-0.89152,0,0.45297,0.82263,0,0.44068,0
0.45059,0,0.89273,0,1,0,-0.89273,0,0.45059,0.82406,0,0.43902,0
0.44822,0,0.89392,0,1,0,-0.89392,0,0.44822,0.8255,0,0.43736,0
0.44585,0,0.89511,0,1,0,-0.89511,0,0.44585,0.82692,0,0.4357,0
0.44347,0,0.89629,0,1,0,-0.89629,0,0.44347,0.82834,0,0.43404,0
0.4411,0,0.89746,0,1,0,-0.89746,0,0.4411,0.82975,0,0.43237,0
0.43873,0,0.89862,0,1,0,-0.89862,0,0.43873,0.83115,0,0.43071,0
0.43636,0,0.89977,0,1,0,-0.89977,0,0.43636,0.83254,0,0.42904,0
0.434,0,0.90091,0,1,0,-0.90091,0,0.434,0.83393,0,0.42738,0
0.43163,0,0.90205,0,1,0,-0.90205,0,0.43163,0.83531,0,0.42572,0
0.42927,0,0.90318,0,1,0,-0.90318,0,0.42927,0.83669,0,0.42405,0
0.42691,0,0.90429,0,1,0,-0.90429,0,0.42691,0.83805,0,0.42239,0
0.42455,0,0.9054,0,1,0,-0.9054,0,0.42455,0.83941,0,0.42072,0
0.42219,0,0.90651,0,1,0,-0.90651,0,0.42219,0.84077,0,0.41906,0
0.41984,0,0.9076,0,1,0,-0.9076,0,0.41984,0.84211,0,0.41739,0
0.41749,0,0.90868,0,1,0,-0.90868,0,0.41749,0.84345,0,0.41573,0
0.41514,0,0.90976,0,1,0,-0.90976,0,0.41514,0.84478,0,0.41406,0
0.41279,0,0.91083,0,1,0,-0.91083,0,0.41279,0.8461,0,0.4124,0
0.41044,0,0.91189,0,1,0,-0.91189,0,0.41044,0.84742,0,0.41073,0
0.4081,0,0.91294,0,1,0,-0.91294,0,0.4081,0.84873,0,0.40907,0
0.40576,0,0.91398,0,1,0,-0.91398,0,0.40576,0.85003,0,0.4074,0
0.40342,0,0.91501,0,1,0,-0.91501,0,0.40342,0.85133,0,0.40574,0
0.40108,0,0.91604,0,1,0,-0.91604,0,0.40108,0.85262,0,0.40408,0
0.39875,0,0.91706,0,1,0,-0.91706,0,0.39875,0.8539,0,0.40241,0
0.39642,0,0.91807,0,1,0,-0.91807,0,0.39642,0.85517,0,0.40075,0
0.3941,0,0.91907,0,1,0,-0.91907,0,0.3941,0.85644,0,0.39909,0
0.39177,0,0.92006,0,1,0,-0.92006,0,0.39177,0.8577,0,0.39743,0
0.38945,0,0.92105,0,1,0,-0.92105,0,0.38945,0.85895,0,0.39577,0
