1,0,0,0,1,0,0,0,1,0,0,0.5,0
1,0,0,0,1,0,0,0,1,4.0928e-07,0,0.5,0
1,0,4.654e-06,0,1,0,-4.654e-06,0,1,3.2578e-06,0,0.5,0
1,0,1.5628e-05,0,1,0,-1.5628e-05,0,1,1.094e-05,0,0.5,0
1,0,3.6858e-05,0,1,0,-3.6858e-05,0,1,2.5801e-05,0,0.50001,0
1,0,7.1624e-05,0,1,0,-7.1624e-05,0,1,5.0138e-05,0,0.50002,0
1,0,0.00012314,0,1,0,-0.00012314,0,1,8.6199e-05,0,0.50004,0
1,0,0.00019455,0,1,0,-0.00019455,0,1,0.00013619,0,0.50006,0
1,0,0.00028892,0,1,0,-0.00028892,0,1,0.00020226,0,0.50009,0
1,0,0.00040928,0,1,0,-0.00040928,0,1,0.00028652,0,0.50012,0
1,0,0.00055855,0,1,0,-0.00055855,0,1,0.00039103,0,0.50017,0
1,0,0.00073961,0,1,0,-0.00073961,0,1,0.00051781,0,0.50022,0
1,0,0.00095528,0,1,0,-0.00095528,0,1,0.00066883,0,0.50029,0
1,0,0.0012083,0,1,0,-0.0012083,0,1,0.00084603,0,0.50036,0
1,0,0.0015013,0,1,0,-0.0015013,0,1,0.0010513,0,0.50045,0
1,0,0.001837,0,1,0,-0.001837,0,1,0.0012864,0,0.50055,0
1,0,0.0022179,0,1,0,-0.0022179,0,1,0.0015533,0,0.50066,0
1,0,0.0026464,0,1,0,-0.0026464,0,1,0.0018535,0,0.50079,0
1,0,0.0031251,0,1,0,-0.0031251,0,1,0.002189,0,0.50093,0
0.99999,0,0.0036561,0,1,0,-0.0036561,0,0.99999,0.0025613,0,0.50109,0
0.99999,0,0.004242,0,1,0,-0.004242,0,0.99999,0.0029721,0,0.50127,0
0.99999,0,0.0048848,0,1,0,-0.0048848,0,0.99999,0.003423,0,0.50146,0
0.99998,0,0.0055868,0,1,0,-0.0055868,0,0.99998,0.0039155,0,0.50167,0
0.99998,0,0.0063501,0,1,0,-0.0063501,0,0.99998,0.0044511,0,0.50189,0
0.99997,0,0.0071767,0,1,0,-0.0071767,0,0.99997,0.0050314,0,0.50213,0
0.99997,0,0.0080686,0,1,0,-0.0080686,0,0.99997,0.0056578,0,0.5024,0
0.99996,0,0.0090278,0,1,0,-0.0090278,0,0.99996,0.0063317,0,0.50268,0
0.99995,0,0.010056,0,1,0,-0.010056,0,0.99995,0.0070545,0,0.50298,0
0.99994,0,0.011155,0,1,0,-0.011155,0,0.99994,0.0078274,0,0.5033,0
0.99992,0,0.012327,0,1,0,-0.012327,0,0.99992,0.0086519,0,0.50365,0
0.99991,0,0.013574,0,1,0,-0.013574,0,0.99991,0.0095292,0,0.50401,0
0.99989,0,0.014896,0,1,0,-0.014896,0,0.99989,0.01046,0,0.50439,0
0.99987,0,0.016296,0,1,0,-0.016296,0,0.99987,0.011447,0,0.5048,0
0.99984,0,0.017775,0,1,0,-0.017775,0,0.99984,0.01249,0,0.50522,0
0.99981,0,0.019335,0,1,0,-0.019335,0,0.99981,0.01359,0,0.50567,0
0.99978,0,0.020977,0,1,0,-0.020977,0,0.99978,0.01475,0,0.50614,0
0.99974,0,0.022702,0,1,0,-0.022702,0,0.99974,0.015968,0,0.50663,0
0.9997,0,0.024511,0,1,0,-0.024511,0,0.9997,0.017248,0,0.50714,0
0.99965,0,0.026407,0,1,0,-0.026407,0,0.99965,0.01859,0,0.50768,0
0.9996,0,0.02839,0,1,0,-0.02839,0,0.9996,0.019994,0,0.50823,0
0.99954,0,0.030461,0,1,0,-0.030461,0,0.99954,0.021462,0,0.50881,0
0.99947,0,0.032621,0,1,0,-0.032621,0,0.99947,0.022994,0,0.50941,0
0.99939,0,0.034872,0,1,0,-0.034872,0,0.99939,0.024593,0,0.51004,0
0.99931,0,0.037214,0,1,0,-0.037214,0,0.99931,0.026257,0,0.51068,0
0.99921,0,0.039648,0,1,0,-0.039648,0,0.99921,0.027989,0,0.51134,0
0.99911,0,0.042175,0,1,0,-0.042175,0,0.99911,0.029789,0,0.51203,0
0.999,0,0.044796,0,1,0,-0.044796,0,0.999,0.031658,0,0.51274,0
0.99887,0,0.047511,0,1,0,-0.047511,0,0.99887,0.033597,0,0.51346,0
0.99873,0,0.050322,0,1,0,-0.050322,0,0.99873,0.035605,0,0.51421,0
0.99858,0,0.053229,0,1,0,-0.053229,0,0.99858,0.037685,0,0.51498,0
0.99842,0,0.056232,0,1,0,-0.056232,0,0.99842,0.039837,0,0.51576,0
0.99824,0,0.059332,0,1,0,-0.059332,0,0.99824,0.042061,0,0.51657,0
0.99804,0,0.06253,0,1,0,-0.06253,0,0.99804,0.044358,0,0.51739,0
0.99783,0,0.065826,0,1,0,-0.065826,0,0.99783,0.046729,0,0.51823,0
0.9976,0,0.06922,0,1,0,-0.06922,0,0.9976,0.049173,0,0.51909,0
0.99735,0,0.072712,0,1,0,-0.072712,0,0.99735,0.051693,0,0.51996,0
0.99708,0,0.076304,0,1,0,-0.076304,0,0.99708,0.054287,0,0.52085,0
0.9968,0,0.079994,0,1,0,-0.079994,0,0.9968,0.056957,0,0.52175,0
0.99648,0,0.083784,0,1,0,-0.083784,0,0.99648,0.059703,0,0.52267,0
0.99615,0,0.087672,0,1,0,-0.087672,0,0.99615,0.062526,0,0.52361,0
0.99579,0,0.091661,0,1,0,-0.091661,0,0.99579,0.065425,0,0.52455,0
0.99541,0,0.095748,0,1,0,-0.095748,0,0.99541,0.068402,0,0.52551,0
0.99499,0,0.099935,0,1,0,-0.099935,0,0.99499,0.071456,0,0.52648,0
0.99455,0,0.10422,0,1,0,-0.10422,0,0.99455,0.074588,0,0.52745,0
0.99408,0,0.10861,0,1,0,-0.10861,0,0.99408,0.077798,0,0.52844,0
0.99358,0,0.11309,0,1,0,-0.11309,0,0.99358,0.081087,0,0.52944,0
0.99305,0,0.11767,0,1,0,-0.11767,0,0.99305,0.084454,0,0.53044,0
0.99249,0,0.12235,0,1,0,-0.12235,0,0.99249,0.087899,0,0.53145,0
0.99189,0,0.12713,0,1,0,-0.12713,0,0.99189,0.091423,0,0.53246,0
0.99125,0,0.132,0,1,0,-0.132,0,0.99125,0.095027,0,0.53348,0
0.99057,0,0.13697,0,1,0,-0.13697,0,0.99057,0.098709,0,0.53449,0
0.98986,0,0.14204,0,1,0,-0.14204,0,0.98986,0.10247,0,0.53551,0
0.98911,0,0.1472,0,1,0,-0.1472,0,0.98911,0.10631,0,0.53654,0
0.98831,0,0.15246,0,1,0,-0.15246,0,0.98831,0.11023,0,0.53755,0
0.98747,0,0.15781,0,1,0,-0.15781,0,0.98747,0.11423,0,0.53857,0
0.98658,0,0.16326,0,1,0,-0.16326,0,0.98658,0.1183,0,0.53959,0
0.98565,0,0.16879,0,1,0,-0.16879,0,0.98565,0.12246,0,0.54059,0
0.98467,0,0.17442,0,1,0,-0.17442,0,0.98467,0.12669,0,0.5416,0
0.98364,0,0.18014,0,1,0,-0.18014,0,0.98364,0.13101,0,0.54259,0
0.98256,0,0.18595,0,1,0,-0.18595,0,0.98256,0.1354,0,0.54358,0
0.98143,0,0.19184,0,1,0,-0.19184,0,0.98143,0.13986,0,0.54455,0
0.98024,0,0.19783,0,1,0,-0.19783,0,0.98024,0.14441,0,0.54551,0
0.97899,0,0.2039,0,1,0,-0.2039,0,0.97899,0.14903,0,0.54646,0
0.97769,0,0.21005,0,1,0,-0.21005,0,0.97769,0.15373,0,0.5474,0
0.97633,0,0.21629,0,1,0,-0.21629,0,0.97633,0.1585,0,0.54832,0
0.97491,0,0.22261,0,1,0,-0.22261,0,0.97491,0.16336,0,0.54922,0
0.97342,0,0.22901,0,1,0,-0.22901,0,0.97342,0.16828,0,0.5501,0
0.97188,0,0.23549,0,1,0,-0.23549,0,0.97188,0.17328,0,0.55096,0
0.97026,0,0.24205,0,1,0,-0.24205,0,0.97026,0.17836,0,0.5518,0
0.96858,0,0.24868,0,1,0,-0.24868,0,0.96858,0.1835,0,0.55261,0
0.96684,0,0.25539,0,1,0,-0.25539,0,0.96684,0.18872,0,0.5534,0
0.96502,0,0.26218,0,1,0,-0.26218,0,0.96502,0.19402,0,0.55417,0
0.96313,0,0.26903,0,1,0,-0.26903,0,0.96313,0.19938,0,0.5549,0
0.96117,0,0.27595,0,1,0,-0.27595,0,0.96117,0.20481,0,0.55561,0
0.95914,0,0.28294,0,1,0,-0.28294,0,0.95914,0.21032,0,0.55628,0
0.95703,0,0.29,0,1,0,-0.29,0,0.95703,0.21589,0,0.55692,0
0.95484,0,0.29712,0,1,0,-0.29712,0,0.95484,0.22153,0,0.55752,0
0.95258,0,0.3043,0,1,0,-0.3043,0,0.95258,0.22723,0,0.55809,0
0.95023,0,0.31154,0,1,0,-0.31154,0,0.95023,0.23301,0,0.55862,0
0.94781,0,0.31884,0,1,0,-0.31884,0,0.94781,0.23884,0,0.55912,0
0.9453,0,0.32619,0,1,0,-0.32619,0,0.9453,0.24474,0,0.55957,0
0.94271,0,0.3336,0,1,0,-0.3336,0,0.94271,0.25071,0,0.55998,0
0.94004,0,0.34106,0,1,0,-0.34106,0,0.94004,0.25673,0,0.56035,0
0.93728,0,0.34857,0,1,0,-0.34857,0,0.93728,0.26281,0,0.56067,0
0.93444,0,0.35612,0,1,0,-0.35612,0,0.93444,0.26895,0,0.56094,0
0.93151,0,0.36372,0,1,0,-0.36372,0,0.93151,0.27515,0,0.56117,0
0.92849,0,0.37137,0,1,0,-0.37137,0,0.92849,0.28141,0,0.56135,0
0.92538,0,0.37905,0,1,0,-0.37905,0,0.92538,0.28772,0,0.56148,0
0.92218,0,0.38677,0,1,0,-0.38677,0,0.92218,0.29408,0,0.56155,0
0.91889,0,0.39452,0,1,0,-0.39452,0,0.91889,0.3005,0,0.56158,0
0.9155,0,0.40231,0,1,0,-0.40231,0,0.9155,0.30697,0,0.56155,0
0.91203,0,0.41013,0,1,0,-0.41013,0,0.91203,0.31348,0,0.56146,0
0.90846,0,0.41797,0,1,0,-0.41797,0,0.90846,0.32004,0,0.56131,0
0.9048,0,0.42584,0,1,0,-0.42584,0,0.9048,0.32665,0,0.56111,0
0.90104,0,0.43374,0,1,0,-0.43374,0,0.90104,0.3333,0,0.56085,0
0.89719,0,0.44165,0,1,0,-0.44165,0,0.89719,0.34,0,0.56053,0
0.89324,0,0.44958,0,1,0,-0.44958,0,0.89324,0.34673,0,0.56014,0
0.8892,0,0.45752,0,1,0,-0.45752,0,0.8892,0.35351,0,0.5597,0
0.88506,0,0.46548,0,1,0,-0.46548,0,0.88506,0.36032,0,0.55919,0
0.88082,0,0.47344,0,1,0,-0.47344,0,0.88082,0.36716,0,0.55861,0
0.87649,0,0.48142,0,1,0,-0.48142,0,0.87649,0.37404,0,0.55797,0
0.87206,0,0.48939,0,1,0,-0.48939,0,0.87206,0.38095,0,0.55726,0
0.86754,0,0.49737,0,1,0,-0.49737,0,0.86754,0.3879,0,0.55649,0
0.86292,0,0.50534,0,1,0,-0.50534,0,0.86292,0.39487,0,0.55565,0
0.8582,0,0.51332,0,1,0,-0.51332,0,0.8582,0.40186,0,0.55473,0
0.85338,0,0.52128,0,1,0,-0.52128,0,0.85338,0.40888,0,0.55375,0
0.84847,0,0.52924,0,1,0,-0.52924,0,0.84847,0.41592,0,0.5527,0
0.84347,0,0.53718,0,1,0,-0.53718,0,0.84347,0.42299,0,0.55158,0
0.83837,0,0.54511,0,1,0,-0.54511,0,0.83837,0.43007,0,0.55039,0
0.83317,0,0.55302,0,1,0,-0.55302,0,0.83317,0.43716,0,0.54912,0
0.82788,0,0.56091,0,1,0,-0.56091,0,0.82788,0.44427,0,0.54779,0
0.82249,0,0.56878,0,1,0,-0.56878,0,0.82249,0.4514,0,0.54638,0
0.81701,0,0.57662,0,1,0,-0.57662,0,0.81701,0.45853,0,0.54489,0
0.81144,0,0.58443,0,1,0,-0.58443,0,0.81144,0.46567,0,0.54334,0
0.80578,0,0.59222,0,1,0,-0.59222,0,0.80578,0.47282,0,0.54171,0
0.80002,0,0.59997,0,1,0,-0.59997,0,0.80002,0.47997,0,0.54001,0
0.79418,0,0.60768,0,1,0,-0.60768,0,0.79418,0.48712,0,0.53823,0
0.78825,0,0.61536,0,1,0,-0.61536,0,0.78825,0.49428,0,0.53638,0
0.78223,0,0.62299,0,1,0,-0.62299,0,0.78223,0.50143,0,0.53446,0
0.77612,0,0.63059,0,1,0,-0.63059,0,0.77612,0.50858,0,0.53246,0
0.76993,0,0.63813,0,1,0,-0.63813,0,0.76993,0.51572,0,0.53039,0
0.76365,0,0.64563,0,1,0,-0.64563,0,0.76365,0.52285,0,0.52824,0
0.75729,0,0.65308,0,1,0,-0.65308,0,0.75729,0.52997,0,0.52603,0
0.75085,0,0.66048,0,1,0,-0.66048,0,0.75085,0.53708,0,0.52374,0
0.74433,0,0.66782,0,1,0,-0.66782,0,0.74433,0.54417,0,0.52137,0
0.73773,0,0.6751,0,1,0,-0.6751,0,0.73773,0.55125,0,0.51894,0
0.73105,0,0.68232,0,1,0,-0.68232,0,0.73105,0.55831,0,0.51643,0
0.7243,0,0.68948,0,1,0,-0.68948,0,0.7243,0.56535,0,0.51386,0
0.71748,0,0.69658,0,1,0,-0.69658,0,0.71748,0.57237,0,0.51121,0
0.71058,0,0.70362,0,1,0,-0.70362,0,0.71058,0.57936,0,0.50849,0
0.70362,0,0.71058,0,1,0,-0.71058,0,0.70362,0.58632,0,0.50571,0
0.69658,0,0.71748,0,1,0,-0.71748,0,0.69658,0.59326,0,0.50285,0
0.68948,0,0.7243,0,1,0,-0.7243,0,0.68948,0.60017,0,0.49993,0
0.68232,0,0.73105,0,1,0,-0.73105,0,0.68232,0.60704,0,0.49694,0
0.6751,0,0.73773,0,1,0,-0.73773,0,0.6751,0.61388,0,0.49389,0
0.66782,0,0.74433,0,1,0,-0.74433,0,0.66782,0.62068,0,0.49077,0
0.66048,0,0.75085,0,1,0,-0.75085,0,0.66048,0.62745,0,0.48759,0
0.65308,0,0.75729,0,1,0,-0.75729,0,0.65308,0.63418,0,0.48434,0
0.64563,0,0.76365,0,1,0,-0.76365,0,0.64563,0.64086,0,0.48104,0
0.63813,0,0.76993,0,1,0,-0.76993,0,0.63813,0.64751,0,0.47767,0
0.63059,0,0.77612,0,1,0,-0.77612,0,0.63059,0.65411,0,0.47425,0
0.62299,0,0.78223,0,1,0,-0.78223,0,0.62299,0.66066,0,0.47076,0
0.61536,0,0.78825,0,1,0,-0.78825,0,0.61536,0.66716,0,0.46723,0
0.60768,0,0.79418,0,1,0,-0.79418,0,0.60768,0.67362,0,0.46363,0
0.59997,0,0.80002,0,1,0,-0.80002,0,0.59997,0.68003,0,0.45999,0
0.59222,0,0.80578,0,1,0,-0.80578,0,0.59222,0.68638,0,0.45629,0
0.58443,0,0.81144,0,1,0,-0.81144,0,0.58443,0.69268,0,0.45254,0
0.57662,0,0.81701,0,1,0,-0.81701,0,0.57662,0.69892,0,0.44874,0
0.56878,0,0.82249,0,1,0,-0.82249,0,0.56878,0.70511,0,0.44489,0
0.56091,0,0.82788,0,1,0,-0.82788,0,0.56091,0.71124,0,0.441,0
0.55302,0,0.83317,0,1,0,-0.83317,0,0.55302,0.71731,0,0.43706,0
0.54511,0,0.83837,0,1,0,-0.83837,0,0.54511,0.72332,0,0.43309,0
0.53718,0,0.84347,0,1,0,-0.84347,0,0.53718,0.72927,0,0.42907,0
0.52924,0,0.84847,0,1,0,-0.84847,0,0.52924,0.73516,0,0.42501,0
0.52128,0,0.85338,0,1,0,-0.85338,0,0.52128,0.74099,0,0.42091,0
0.51332,0,0.8582,0,1,0,-0.8582,0,0.51332,0.74674,0,0.41678,0
0.50534,0,0.86292,0,1,0,-0.86292,0,0.50534,0.75244,0,0.41262,0
0.49737,0,0.86754,0,1,0,-0.86754,0,0.49737,0.75807,0,0.40842,0
0.48939,0,0.87206,0,1,0,-0.87206,0,0.48939,0.76363,0,0.40419,0
0.48142,0,0.87649,0,1,0,-0.87649,0,0.48142,0.76912,0,0.39994,0
0.47344,0,0.88082,0,1,0,-0.88082,0,0.47344,0.77454,0,0.39566,0
0.46548,0,0.88506,0,1,0,-0.88506,0,0.46548,0.7799,0,0.39135,0
0.45752,0,0.8892,0,1,0,-0.8892,0,0.45752,0.78518,0,0.38702,0
0.44958,0,0.89324,0,1,0,-0.89324,0,0.44958,0.7904,0,0.38268,0
0.44165,0,0.89719,0,1,0,-0.89719,0,0.44165,0.79554,0,0.37831,0
0.43374,0,0.90104,0,1,0,-0.90104,0,0.43374,0.80061,0,0.37393,0
0.42584,0,0.9048,0,1,0,-0.9048,0,0.42584,0.8056,0,0.36953,0
0.41797,0,0.90846,0,1,0,-0.90846,0,0.41797,0.81053,0,0.36512,0
0.41013,0,0.91203,0,1,0,-0.91203,0,0.41013,0.81538,0,0.3607,0
0.40231,0,0.9155,0,1,0,-0.9155,0,0.40231,0.82016,0,0.35627,0
0.39452,0,0.91889,0,1,0,-0.91889,0,0.39452,0.82486,0,0.35183,0
0.38677,0,0.92218,0,1,0,-0.92218,0,0.38677,0.82949,0,0.34739,0
0.37905,0,0.92538,0,1,0,-0.92538,0,0.37905,0.83405,0,0.34295,0
0.37137,0,0.92849,0,1,0,-0.92849,0,0.37137,0.83853,0,0.3385,0
0.36372,0,0.93151,0,1,0,-0.93151,0,0.36372,0.84294,0,0.33406,0
0.35612,0,0.93444,0,1,0,-0.93444,0,0.35612,0.84727,0,0.32962,0
0.34857,0,0.93728,0,1,0,-0.93728,0,0.34857,0.85153,0,0.32518,0
0.34106,0,0.94004,0,1,0,-0.94004,0,0.34106,0.85571,0,0.32075,0
0.3336,0,0.94271,0,1,0,-0.94271,0,0.3336,0.85982,0,0.31633,0
0.32619,0,0.9453,0,1,0,-0.9453,0,0.32619,0.86386,0,0.31193,0
0.31884,0,0.94781,0,1,0,-0.94781,0,0.31884,0.86782,0,0.30753,0
0.31154,0,0.95023,0,1,0,-0.95023,0,0.31154,0.8717,0,0.30315,0
0.3043,0,0.95258,0,1,0,-0.95258,0,0.3043,0.87552,0,0.29878,0
0.29712,0,0.95484,0,1,0,-0.95484,0,0.29712,0.87925,0,0.29443,0
0.29,0,0.95703,0,1,0,-0.95703,0,0.29,0.88292,0,0.29011,0
0.28294,0,0.95914,0,1,0,-0.95914,0,0.28294,0.88651,0,0.2858,0
0.27595,0,0.96117,0,1,0,-0.96117,0,0.27595,0.89004,0,0.28152,0
0.26903,0,0.96313,0,1,0,-0.96313,0,0.26903,0.89348,0,0.27726,0
0.26218,0,0.96502,0,1,0,-0.96502,0,0.26218,0.89686,0,0.27303,0
0.25539,0,0.96684,0,1,0,-0.96684,0,0.25539,0.90017,0,0.26883,0
0.24868,0,0.96858,0,1,0,-0.96858,0,0.24868,0.9034,0,0.26465,0
0.24205,0,0.97026,0,1,0,-0.97026,0,0.24205,0.90657,0,0.26051,0
0.23549,0,0.97188,0,1,0,-0.97188,0,0.23549,0.90967,0,0.25641,0
0.22901,0,0.97342,0,1,0,-0.97342,0,0.22901,0.91269,0,0.25234,0
0.22261,0,0.97491,0,1,0,-0.97491,0,0.22261,0.91565,0,0.2483,0
0.21629,0,0.97633,0,1,0,-0.97633,0,0.21629,0.91854,0,0.2443,0
0.21005,0,0.97769,0,1,0,-0.97769,0,0.21005,0.92137,0,0.24034,0
0.2039,0,0.97899,0,1,0,-0.97899,0,0.2039,0.92412,0,0.23643,0
0.19783,0,0.98024,0,1,0,-0.98024,0,0.19783,0.92682,0,0.23255,0
0.19184,0,0.98143,0,1,0,-0.98143,0,0.19184,0.92944,0,0.22872,0
0.18595,0,0.98256,0,1,0,-0.98256,0,0.18595,0.93201,0,0.22493,0
0.18014,0,0.98364,0,1,0,-0.98364,0,0.18014,0.93451,0,0.22119,0
0.17442,0,0.98467,0,1,0,-0.98467,0,0.17442,0.93694,0,0.2175,0
0.16879,0,0.98565,0,1,0,-0.98565,0,0.16879,0.93932,0,0.21385,0
0.16326,0,0.98658,0,1,0,-0.98658,0,0.16326,0.94163,0,0.21025,0
0.15781,0,0.98747,0,1,0,-0.98747,0,0.15781,0.94388,0,0.20671,0
0.15246,0,0.98831,0,1,0,-0.98831,0,0.15246,0.94608,0,0.20322,0
0.1472,0,0.98911,0,1,0,-0.98911,0,0.1472,0.94821,0,0.19977,0
0.14204,0,0.98986,0,1,0,-0.98986,0,0.14204,0.95029,0,0.19639,0
0.13697,0,0.99057,0,1,0,-0.99057,0,0.13697,0.95231,0,0.19305,0
0.132,0,0.99125,0,1,0,-0.99125,0,0.132,0.95427,0,0.18978,0
0.12713,0,0.99189,0,1,0,-0.99189,0,0.12713,0.95618,0,0.18656,0
0.12235,0,0.99249,0,1,0,-0.99249,0,0.12235,0.95804,0,0.18339,0
0.11767,0,0.99305,0,1,0,-0.99305,0,0.11767,0.95984,0,0.18029,0
0.11309,0,0.99358,0,1,0,-0.99358,0,0.11309,0.96158,0,0.17724,0
0.10861,0,0.99408,0,1,0,-0.99408,0,0.10861,0.96328,0,0.17425,0
0.10422,0,0.99455,0,1,0,-0.99455,0,0.10422,0.96492,0,0.17132,0
0.099935,0,0.99499,0,1,0,-0.99499,0,0.099935,0.96652,0,0.16845,0
0.095748,0,0.99541,0,1,0,-0.99541,0,0.095748,0.96806,0,0.16565,0
0.091661,0,0.99579,0,1,0,-0.99579,0,0.091661,0.96956,0,0.1629,0
0.087672,0,0.99615,0,1,0,-0.99615,0,0.087672,0.971,0,0.16022,0
0.083784,0,0.99648,0,1,0,-0.99648,0,0.083784,0.9724,0,0.15759,0
0.079994,0,0.9968,0,1,0,-0.9968,0,0.079994,0.97376,0,0.15503,0
0.076304,0,0.99708,0,1,0,-0.99708,0,0.076304,0.97507,0,0.15254,0
0.072712,0,0.99735,0,1,0,-0.99735,0,0.072712,0.97633,0,0.1501,0
0.06922,0,0.9976,0,1,0,-0.9976,0,0.06922,0.97756,0,0.14773,0
0.065826,0,0.99783,0,1,0,-0.99783,0,0.065826,0.97873,0,0.14543,0
0.06253,0,0.99804,0,1,0,-0.99804,0,0.06253,0.97987,0,0.14318,0
0.059332,0,0.99824,0,1,0,-0.99824,0,0.059332,0.98097,0,0.141,0
0.056232,0,0.99842,0,1,0,-0.99842,0,0.056232,0.98202,0,0.13889,0
0.053229,0,0.99858,0,1,0,-0.99858,0,0.053229,0.98304,0,0.13683,0
0.050322,0,0.99873,0,1,0,-0.99873,0,0.050322,0.98402,0,0.13485,0
0.047511,0,0.99887,0,1,0,-0.99887,0,0.047511,0.98496,0,0.13292,0
0.044796,0,0.999,0,1,0,-0.999,0,0.044796,0.98586,0,0.13106,0
0.042175,0,0.99911,0,1,0,-0.99911,0,0.042175,0.98672,0,0.12926,0
0.039648,0,0.99921,0,1,0,-0.99921,0,0.039648,0.98756,0,0.12752,0
0.037214,0,0.99931,0,1,0,-0.99931,0,0.037214,0.98835,0,0.12584,0
0.034872,0,0.99939,0,1,0,-0.99939,0,0.034872,0.98911,0,0.12423,0
0.032621,0,0.99947,0,1,0,-0.99947,0,0.032621,0.98984,0,0.12268,0
0.030461,0,0.99954,0,1,0,-0.99954,0,0.030461,0.99054,0,0.12118,0
0.02839,0,0.9996,0,1,0,-0.9996,0,0.02839,0.9912,0,0.11975,0
0.026407,0,0.99965,0,1,0,-0.99965,0,0.026407,0.99183,0,0.11838,0
0.024511,0,0.9997,0,1,0,-0.9997,0,0.024511,0.99244,0,0.11707,0
0.022702,0,0.99974,0,1,0,-0.99974,0,0.022702,0.99301,0,0.11581,0
0.020977,0,0.99978,0,1,0,-0.99978,0,0.020977,0.99355,0,0.11462,0
0.019335,0,0.99981,0,1,0,-0.99981,0,0.019335,0.99407,0,0.11348,0
0.017775,0,0.99984,0,1,0,-0.99984,0,0.017775,0.99456,0,0.1124,0
0.016296,0,0.99987,0,1,0,-0.99987,0,0.016296,0.99502,0,0.11137,0
0.014896,0,0.99989,0,1,0,-0.99989,0,0.014896,0.99545,0,0.11039,0
0.013574,0,0.99991,0,1,0,-0.99991,0,0.013574,0.99586,0,0.10947,0
0.012327,0,0.99992,0,1,0,-0.99992,0,0.012327,0.99625,0,0.10861,0
0.011155,0,0.99994,0,1,0,-0.99994,0,0.011155,0.99661,0,0.10779,0
0.010056,0,0.99995,0,1,0,-0.99995,0,0.010056,0.99695,0,0.10702,0
0.0090278,0,0.99996,0,1,0,-0.99996,0,0.0090278,0.99726,0,0.10631,0
0.0080686,0,0.99997,0,1,0,-0.99997,0,0.0080686,0.99756,0,0.10564,0
0.0071767,0,0.99997,0,1,0,-0.99997,0,0.0071767,0.99783,0,0.10502,0
0.0063501,0,0.99998,0,1,0,-0.99998,0,0.0063501,0.99808,0,0.10444,0
0.0055868,0,0.99998,0,1,0,-0.99998,0,0.0055868,0.99831,0,0.10391,0
0.0048848,0,0.99999,0,1,0,-0.99999,0,0.0048848,0.99853,0,0.10342,0
0.004242,0,0.99999,0,1,0,-0.99999,0,0.004242,0.99872,0,0.10297,0
0.0036561,0,0.99999,0,1,0,-0.99999,0,0.0036561,0.9989,0,0.10256,0
0.0031251,0,1,0,1,0,-1,0,0.0031251,0.99906,0,0.10219,0
0.0026464,0,1,0,1,0,-1,0,0.0026464,0.9992,0,0.10185,0
0.0022179,0,1,0,1,0,-1,0,0.0022179,0.99933,0,0.10155,0
0.001837,0,1,0,1,0,-1,0,0.001837,0.99945,0,0.10129,0
0.0015013,0,1,0,1,0,-1,0,0.0015013,0.99955,0,0.10105,0
0.0012083,0,1,0,1,0,-1,0,0.0012083,0.99964,0,0.10085,0
0.00095528,0,1,0,1,0,-1,0,0.00095528,0.99971,0,0.10067,0
0.00073961,0,1,0,1,0,-1,0,0.00073961,0.99978,0,0.10052,0
0.00055855,0,1,0,1,0,-1,0,0.00055855,0.99983,0,0.10039,0
0.00040928,0,1,0,1,0,-1,0,0.00040928,0.99988,0,0.10029,0
0.00028892,0,1,0,1,0,-1,0,0.00028892,0.99991,0,0.1002,0
0.00019455,0,1,0,1,0,-1,0,0.00019455,0.99994,0,0.10014,0
0.00012314,0,1,0,1,0,-1,0,0.00012314,0.99996,0,0.10009,0
7.1624e-05,0,1,0,1,0,-1,0,7.1624e-05,0.99998,0,0.10005,0
3.6858e-05,0,1,0,1,0,-1,0,3.6858e-05,0.99999,0,0.10003,0
1.5628e-05,0,1,0,1,0,-1,0,1.5628e-05,1,0,0.10001,0
4.654e-06,0,1,0,1,0,-1,0,4.654e-06,1,0,0.1,0
5.8469e-07,0,1,0,1,0,-1,0,5.8469e-07,1,0,0.1,0
1.1102e-16,0,1,0,1,0,-1,0,1.1102e-16,1,0,0.1,0
0,0,1,0,1,0,-1,0,0,1,0,0.1,0
0,0,1,0,1,0,-1,0,0,1,0,0.1,0
0,0,1,0,1,0,-1,0,0,1,0,0.1,0
0,0,1,0,1,0,-1,0,0,1,0,0.099999,0
0,0,1,0,1,0,-1,0,0,1,0,0.099998,0
0,0,1,0,1,0,-1,0,0,1,0,0.099997,0
0,0,1,0,1,0,-1,0,0,1,0,0.099994,0
0,0,1,0,1,0,-1,0,0,1,0,0.099991,0
0,0,1,0,1,0,-1,0,0,1,0,0.099986,0
0,0,1,0,1,0,-1,0,0,1,0,0.09998,0
0,0,1,0,1,0,-1,0,0,1,0,0.099973,0
0,0,1,0,1,0,-1,0,0,1,0,0.099965,0
0,0,1,0,1,0,-1,0,0,1,0,0.099954,0
0,0,1,0,1,0,-1,0,0,1,0,0.099942,0
0,0,1,0,1,0,-1,0,0,1,0,0.099928,0
0,0,1,0,1,0,-1,0,0,1,0,0.099912,0
0,0,1,0,1,0,-1,0,0,1,0,0.099894,0
0,0,1,0,1,0,-1,0,0,1,0,0.099874,0
0,0,1,0,1,0,-1,0,0,1,0,0.099851,0
0,0,1,0,1,0,-1,0,0,1,0,0.099825,0
0,0,1,0,1,0,-1,0,0,1,0,0.099797,0
0,0,1,0,1,0,-1,0,0,1,0,0.099767,0
0,0,1,0,1,0,-1,0,0,1,0,0.099733,0
0,0,1,0,1,0,-1,0,0,1,0,0.099697,0
0,0,1,0,1,0,-1,0,0,1,0,0.099657,0
0,0,1,0,1,0,-1,0,0,1,0,0.099615,0
0,0,1,0,1,0,-1,0,0,1,0,0.099569,0
0,0,1,0,1,0,-1,0,0,1,0,0.09952,0
0,0,1,0,1,0,-1,0,0,1,0,0.099467,0
0,0,1,0,1,0,-1,0,0,1,0,0.099411,0
0,0,1,0,1,0,-1,0,0,1,0,0.099352,0
0,0,1,0,1,0,-1,0,0,1,0,0.099289,0
0,0,1,0,1,0,-1,0,0,1,0,0.099222,0
0,0,1,0,1,0,-1,0,0,1,0,0.099151,0
0,0,1,0,1,0,-1,0,0,1,0,0.099077,0
0,0,1,0,1,0,-1,0,0,1,0,0.098998,0
0,0,1,0,1,0,-1,0,0,1,0,0.098916,0
0,0,1,0,1,0,-1,0,0,1,0,0.09883,0
0,0,1,0,1,0,-1,0,0,1,0,0.098739,0
0,0,1,0,1,0,-1,0,0,1,0,0.098644,0
0,0,1,0,1,0,-1,0,0,1,0,0.098545,0
0,0,1,0,1,0,-1,0,0,1,0,0.098442,0
0,0,1,0,1,0,-1,0,0,1,0,0.098335,0
0,0,1,0,1,0,-1,0,0,1,0,0.098223,0
0,0,1,0,1,0,-1,0,0,1,0,0.098106,0
0,0,1,0,1,0,-1,0,0,1,0,0.097986,0
0,0,1,0,1,0,-1,0,0,1,0,0.09786,0
0,0,1,0,1,0,-1,0,0,1,0,0.097731,0
0,0,1,0,1,0,-1,0,0,1,0,0.097596,0
0,0,1,0,1,0,-1,0,0,1,0,0.097457,0
0,0,1,0,1,0,-1,0,0,1,0,0.097314,0
0,0,1,0,1,0,-1,0,0,1,0,0.097165,0
0,0,1,0,1,0,-1,0,0,1,0,0.097012,0
0,0,1,0,1,0,-1,0,0,1,0,0.096855,0
0,0,1,0,1,0,-1,0,0,1,0,0.096692,0
0,0,1,0,1,0,-1,0,0,1,0,0.096525,0
0,0,1,0,1,0,-1,0,0,1,0,0.096353,0
0,0,1,0,1,0,-1,0,0,1,0,0.096176,0
0,0,1,0,1,0,-1,0,0,1,0,0.095995,0
0,0,1,0,1,0,-1,0,0,1,0,0.095809,0
0,0,1,0,1,0,-1,0,0,1,0,0.095617,0
0,0,1,0,1,0,-1,0,0,1,0,0.095421,0
0,0,1,0,1,0,-1,0,0,1,0,0.09522,0
0,0,1,0,1,0,-1,0,0,1,0,0.095015,0
0,0,1,0,1,0,-1,0,0,1,0,0.094804,0
0,0,1,0,1,0,-1,0,0,1,0,0.094589,0
0,0,1,0,1,0,-1,0,0,1,0,0.094369,0
0,0,1,0,1,0,-1,0,0,1,0,0.094144,0
0,0,1,0,1,0,-1,0,0,1,0,0.093914,0
0,0,1,0,1,0,-1,0,0,1,0,0.093679,0
0,0,1,0,1,0,-1,0,0,1,0,0.093439,0
0,0,1,0,1,0,-1,0,0,1,0,0.093195,0
0,0,1,0,1,0,-1,0,0,1,0,0.092946,0
0,0,1,0,1,0,-1,0,0,1,0,0.092692,0
0,0,1,0,1,0,-1,0,0,1,0,0.092433,0
0,0,1,0,1,0,-1,0,0,1,0,0.09217,0
0,0,1,0,1,0,-1,0,0,1,0,0.091902,0
0,0,1,0,1,0,-1,0,0,1,0,0.091629,0
0,0,1,0,1,0,-1,0,0,1,0,0.091352,0
0,0,1,0,1,0,-1,0,0,1,0,0.09107,0
0,0,1,0,1,0,-1,0,0,1,0,0.090783,0
0,0,1,0,1,0,-1,0,0,1,0,0.090492,0
0,0,1,0,1,0,-1,0,0,1,0,0.090196,0
0,0,1,0,1,0,-1,0,0,1,0,0.089895,0
0,0,1,0,1,0,-1,0,0,1,0,0.089591,0
0,0,1,0,1,0,-1,0,0,1,0,0.089281,0
0,0,1,0,1,0,-1,0,0,1,0,0.088968,0
0,0,1,0,1,0,-1,0,0,1,0,0.088649,0
0,0,1,0,1,0,-1,0,0,1,0,0.088327,0
0,0,1,0,1,0,-1,0,0,1,0,0.088,0
0,0,1,0,1,0,-1,0,0,1,0,0.087669,0
0,0,1,0,1,0,-1,0,0,1,0,0.087334,0
0,0,1,0,1,0,-1,0,0,1,0,0.086995,0
0,0,1,0,1,0,-1,0,0,1,0,0.086651,0
0,0,1,0,1,0,-1,0,0,1,0,0.086304,0
0,0,1,0,1,0,-1,0,0,1,0,0.085952,0
0,0,1,0,1,0,-1,0,0,1,0,0.085596,0
0,0,1,0,1,0,-1,0,0,1,0,0.085237,0
0,0,1,0,1,0,-1,0,0,1,0,0.084873,0
0,0,1,0,1,0,-1,0,0,1,0,0.084506,0
0,0,1,0,1,0,-1,0,0,1,0,0.084135,0
0,0,1,0,1,0,-1,0,0,1,0,0.08376,0
0,0,1,0,1,0,-1,0,0,1,0,0.083382,0
0,0,1,0,1,0,-1,0,0,1,0,0.083,0
0,0,1,0,1,0,-1,0,0,1,0,0.082615,0
0,0,1,0,1,0,-1,0,0,1,0,0.082226,0
0,0,1,0,1,0,-1,0,0,1,0,0.081833,0
0,0,1,0,1,0,-1,0,0,1,0,0.081438,0
0,0,1,0,1,0,-1,0,0,1,0,0.081039,0
0,0,1,0,1,0,-1,0,0,1,0,0.080636,0
0,0,1,0,1,0,-1,0,0,1,0,0.080231,0
0,0,1,0,1,0,-1,0,0,1,0,0.079823,0
0,0,1,0,1,0,-1,0,0,1,0,0.079411,0
0,0,1,0,1,0,-1,0,0,1,0,0.078997,0
0,0,1,0,1,0,-1,0,0,1,0,0.078579,0
0,0,1,0,1,0,-1,0,0,1,0,0.078159,0
0,0,1,0,1,0,-1,0,0,1,0,0.077736,0
0,0,1,0,1,0,-1,0,0,1,0,0.077311,0
0,0,1,0,1,0,-1,0,0,1,0,0.076882,0
0,0,1,0,1,0,-1,0,0,1,0,0.076452,0
0,0,1,0,1,0,-1,0,0,1,0,0.076018,0
0,0,1,0,1,0,-1,0,0,1,0,0.075583,0
0,0,1,0,1,0,-1,0,0,1,0,0.075145,0
0,0,1,0,1,0,-1,0,0,1,0,0.074705,0
0,0,1,0,1,0,-1,0,0,1,0,0.074263,0
0,0,1,0,1,0,-1,0,0,1,0,0.073818,0
0,0,1,0,1,0,-1,0,0,1,0,0.073372,0
0,0,1,0,1,0,-1,0,0,1,0,0.072923,0
0,0,1,0,1,0,-1,0,0,1,0,0.072473,0
0,0,1,0,1,0,-1,0,0,1,0,0.072021,0
0,0,1,0,1,0,-1,0,0,1,0,0.071568,0
0,0,1,0,1,0,-1,0,0,1,0,0.071112,0
0,0,1,0,1,0,-1,0,0,1,0,0.070656,0
0,0,1,0,1,0,-1,0,0,1,0,0.070197,0
0,0,1,0,1,0,-1,0,0,1,0,0.069738,0
0,0,1,0,1,0,-1,0,0,1,0,0.069277,0
0,0,1,0,1,0,-1,0,0,1,0,0.068815,0
0,0,1,0,1,0,-1,0,0,1,0,0.068352,0
0,0,1,0,1,0,-1,0,0,1,0,0.067887,0
0,0,1,0,1,0,-1,0,0,1,0,0.067422,0
0,0,1,0,1,0,-1,0,0,1,0,0.066956,0
0,0,1,0,1,0,-1,0,0,1,0,0.066489,0
0,0,1,0,1,0,-1,0,0,1,0,0.066021,0
0,0,1,0,1,0,-1,0,0,1,0,0.065553,0
0,0,1,0,1,0,-1,0,0,1,0,0.065084,0
0,0,1,0,1,0,-1,0,0,1,0,0.064615,0
0,0,1,0,1,0,-1,0,0,1,0,0.064146,0
0,0,1,0,1,0,-1,0,0,1,0,0.063676,0
0,0,1,0,1,0,-1,0,0,1,0,0.063205,0
0,0,1,0,1,0,-1,0,0,1,0,0.062735,0
0,0,1,0,1,0,-1,0,0,1,0,0.062265,0
0,0,1,0,1,0,-1,0,0,1,0,0.061795,0
0,0,1,0,1,0,-1,0,0,1,0,0.061324,0
0,0,1,0,1,0,-1,0,0,1,0,0.060854,0
0,0,1,0,1,0,-1,0,0,1,0,0.060385,0
0,0,1,0,1,0,-1,0,0,1,0,0.059916,0
0,0,1,0,1,0,-1,0,0,1,0,0.059447,0
0,0,1,0,1,0,-1,0,0,1,0,0.058979,0
0,0,1,0,1,0,-1,0,0,1,0,0.058511,0
0,0,1,0,1,0,-1,0,0,1,0,0.058044,0
0,0,1,0,1,0,-1,0,0,1,0,0.057578,0
0,0,1,0,1,0,-1,0,0,1,0,0.057113,0
0,0,1,0,1,0,-1,0,0,1,0,0.056648,0
0,0,1,0,1,0,-1,0,0,1,0,0.056185,0
0,0,1,0,1,0,-1,0,0,1,0,0.055723,0
0,0,1,0,1,0,-1,0,0,1,0,0.055262,0
0,0,1,0,1,0,-1,0,0,1,0,0.054803,0
0,0,1,0,1,0,-1,0,0,1,0,0.054344,0
0,0,1,0,1,0,-1,0,0,1,0,0.053888,0
0,0,1,0,1,0,-1,0,0,1,0,0.053432,0
0,0,1,0,1,0,-1,0,0,1,0,0.052979,0
0,0,1,0,1,0,-1,0,0,1,0,0.052527,0
0,0,1,0,1,0,-1,0,0,1,0,0.052077,0
0,0,1,0,1,0,-1,0,0,1,0,0.051628,0
0,0,1,0,1,0,-1,0,0,1,0,0.051182,0
0,0,1,0,1,0,-1,0,0,1,0,0.050737,0
0,0,1,0,1,0,-1,0,0,1,0,0.050295,0
0,0,1,0,1,0,-1,0,0,1,0,0.049855,0
0,0,1,0,1,0,-1,0,0,1,0,0.049417,0
0,0,1,0,1,0,-1,0,0,1,0,0.048982,0
0,0,1,0,1,0,-1,0,0,1,0,0.048548,0
0,0,1,0,1,0,-1,0,0,1,0,0.048118,0
0,0,1,0,1,0,-1,0,0,1,0,0.047689,0
0,0,1,0,1,0,-1,0,0,1,0,0.047264,0
0,0,1,0,1,0,-1,0,0,1,0,0.046841,0
0,0,1,0,1,0,-1,0,0,1,0,0.046421,0
0,0,1,0,1,0,-1,0,0,1,0,0.046003,0
0,0,1,0,1,0,-1,0,0,1,0,0.045589,0
0,0,1,0,1,0,-1,0,0,1,0,0.045177,0
0,0,1,0,1,0,-1,0,0,1,0,0.044769,0
0,0,1,0,1,0,-1,0,0,1,0,0.044364,0
0,0,1,0,1,0,-1,0,0,1,0,0.043961,0
0,0,1,0,1,0,-1,0,0,1,0,0.043562,0
0,0,1,0,1,0,-1,0,0,1,0,0.043167,0
0,0,1,0,1,0,-1,0,0,1,0,0.042774,0
0,0,1,0,1,0,-1,0,0,1,0,0.042385,0
0,0,1,0,1,0,-1,0,0,1,0,0.042,0
0,0,1,0,1,0,-1,0,0,1,0,0.041618,0
0,0,1,0,1,0,-1,0,0,1,0,0.04124,0
0,0,1,0,1,0,-1,0,0,1,0,0.040865,0
0,0,1,0,1,0,-1,0,0,1,0,0.040494,0
0,0,1,0,1,0,-1,0,0,1,0,0.040127,0
0,0,1,0,1,0,-1,0,0,1,0,0.039763,0
0,0,1,0,1,0,-1,0,0,1,0,0.039404,0
0,0,1,0,1,0,-1,0,0,1,0,0.039048,0
0,0,1,0,1,0,-1,0,0,1,0,0.038696,0
0,0,1,0,1,0,-1,0,0,1,0,0.038349,0
0,0,1,0,1,0,-1,0,0,1,0,0.038005,0
0,0,1,0,1,0,-1,0,0,1,0,0.037666,0
0,0,1,0,1,0,-1,0,0,1,0,0.037331,0
0,0,1,0,1,0,-1,0,0,1,0,0.037,0
0,0,1,0,1,0,-1,0,0,1,0,0.036673,0
0,0,1,0,1,0,-1,0,0,1,0,0.036351,0
0,0,1,0,1,0,-1,0,0,1,0,0.036032,0
0,0,1,0,1,0,-1,0,0,1,0,0.035719,0
0,0,1,0,1,0,-1,0,0,1,0,0.035409,0
0,0,1,0,1,0,-1,0,0,1,0,0.035105,0
0,0,1,0,1,0,-1,0,0,1,0,0.034804,0
0,0,1,0,1,0,-1,0,0,1,0,0.034508,0
0,0,1,0,1,0,-1,0,0,1,0,0.034217,0
0,0,1,0,1,0,-1,0,0,1,0,0.03393,0
0,0,1,0,1,0,-1,0,0,1,0,0.033648,0
0,0,1,0,1,0,-1,0,0,1,0,0.033371,0
0,0,1,0,1,0,-1,0,0,1,0,0.033098,0
0,0,1,0,1,0,-1,0,0,1,0,0.03283,0
0,0,1,0,1,0,-1,0,0,1,0,0.032567,0
0,0,1,0,1,0,-1,0,0,1,0,0.032308,0
0,0,1,0,1,0,-1,0,0,1,0,0.032054,0
0,0,1,0,1,0,-1,0,0,1,0,0.031805,0
0,0,1,0,1,0,-1,0,0,1,0,0.031561,0
0,0,1,0,1,0,-1,0,0,1,0,0.031321,0
0,0,1,0,1,0,-1,0,0,1,0,0.031086,0
0,0,1,0,1,0,-1,0,0,1,0,0.030856,0
0,0,1,0,1,0,-1,0,0,1,0,0.030631,0
0,0,1,0,1,0,-1,0,0,1,0,0.030411,0
0,0,1,0,1,0,-1,0,0,1,0,0.030196,0
0,0,1,0,1,0,-1,0,0,1,0,0.029985,0
0,0,1,0,1,0,-1,0,0,1,0,0.02978,0
0,0,1,0,1,0,-1,0,0,1,0,0.029579,0
0,0,1,0,1,0,-1,0,0,1,0,0.029383,0
0,0,1,0,1,0,-1,0,0,1,0,0.029191,0
0,0,1,0,1,0,-1,0,0,1,0,0.029005,0
0,0,1,0,1,0,-1,0,0,1,0,0.028824,0
0,0,1,0,1,0,-1,0,0,1,0,0.028647,0
0,0,1,0,1,0,-1,0,0,1,0,0.028475,0
0,0,1,0,1,0,-1,0,0,1,0,0.028308,0
0,0,1,0,1,0,-1,0,0,1,0,0.028145,0
0,0,1,0,1,0,-1,0,0,1,0,0.027988,0
0,0,1,0,1,0,-1,0,0,1,0,0.027835,0
0,0,1,0,1,0,-1,0,0,1,0,0.027686,0
0,0,1,0,1,0,-1,0,0,1,0,0.027543,0
0,0,1,0,1,0,-1,0,0,1,0,0.027404,0
0,0,1,0,1,0,-1,0,0,1,0,0.027269,0
0,0,1,0,1,0,-1,0,0,1,0,0.02714,0
0,0,1,0,1,0,-1,0,0,1,0,0.027014,0
0,0,1,0,1,0,-1,0,0,1,0,0.026894,0
0,0,1,0,1,0,-1,0,0,1,0,0.026777,0
0,0,1,0,1,0,-1,0,0,1,0,0.026665,0
0,0,1,0,1,0,-1,0,0,1,0,0.026558,0
0,0,1,0,1,0,-1,0,0,1,0,0.026455,0
0,0,1,0,1,0,-1,0,0,1,0,0.026356,0
0,0,1,0,1,0,-1,0,0,1,0,0.026261,0
0,0,1,0,1,0,-1,0,0,1,0,0.02617,0
0,0,1,0,1,0,-1,0,0,1,0,0.026084,0
0,0,1,0,1,0,-1,0,0,1,0,0.026002,0
0,0,1,0,1,0,-1,0,0,1,0,0.025923,0
0,0,1,0,1,0,-1,0,0,1,0,0.025849,0
0,0,1,0,1,0,-1,0,0,1,0,0.025778,0
0,0,1,0,1,0,-1,0,0,1,0,0.025711,0
0,0,1,0,1,0,-1,0,0,1,0,0.025648,0
0,0,1,0,1,0,-1,0,0,1,0,0.025589,0
0,0,1,0,1,0,-1,0,0,1,0,0.025533,0
0,0,1,0,1,0,-1,0,0,1,0,0.02548,0
0,0,1,0,1,0,-1,0,0,1,0,0.025431,0
0,0,1,0,1,0,-1,0,0,1,0,0.025385,0
0,0,1,0,1,0,-1,0,0,1,0,0.025343,0
0,0,1,0,1,0,-1,0,0,1,0,0.025303,0
0,0,1,0,1,0,-1,0,0,1,0,0.025267,0
0,0,1,0,1,0,-1,0,0,1,0,0.025233,0
0,0,1,0,1,0,-1,0,0,1,0,0.025203,0
0,0,1,0,1,0,-1,0,0,1,0,0.025175,0
0,0,1,0,1,0,-1,0,0,1,0,0.025149,0
0,0,1,0,1,0,-1,0,0,1,0,0.025126,0
0,0,1,0,1,0,-1,0,0,1,0,0.025106,0
0,0,1,0,1,0,-1,0,0,1,0,0.025088,0
0,0,1,0,1,0,-1,0,0,1,0,0.025072,0
0,0,1,0,1,0,-1,0,0,1,0,0.025058,0
0,0,1,0,1,0,-1,0,0,1,0,0.025046,0
0,0,1,0,1,0,-1,0,0,1,0,0.025035,0
0,0,1,0,1,0,-1,0,0,1,0,0.025027,0
0,0,1,0,1,0,-1,0,0,1,0,0.02502,0
0,0,1,0,1,0,-1,0,0,1,0,0.025014,0
0,0,1,0,1,0,-1,0,0,1,0,0.025009,0
0,0,1,0,1,0,-1,0,0,1,0,0.025006,0
0,0,1,0,1,0,-1,0,0,1,0,0.025003,0
0,0,1,0,1,0,-1,0,0,1,0,0.025002,0
0,0,1,0,1,0,-1,0,0,1,0,0.025001,0
0,0,1,0,1,0,-1,0,0,1,0,0.025,0
0,0,1,0,1,0,-1,0,0,1,0,0.025,0
0,0,1,0,1,0,-1,0,0,1,0,0.025,0
0,0,1,0,1,0,-1,0,0,1,0,0.025,1
0,0,1,0,1,0,-1,0,0,1,0,0.025,1
0,0,1,0,1,0,-1,0,0,1,0,0.025,1
0,0,1,0,1,0,-1,0,0,1,0,0.025,1
0,0,1,0,1,0,-1,0,0,1,0,0.025,1
0,0,1,0,1,0,-1,0,0,1,0,0.025,1
0,0,1,0,1,0,-1,0,0,1,0,0.025,1
0,0,1,0,1,0,-1,0,0,1,0,0.025,1
0,0,1,0,1,0,-1,0,0,1,0,0.025,1
0,0,1,0,1,0,-1,0,0,1,0,0.025,1
0,0,1,0,1,0,-1,0,0,1,0,0.025,1
0,0,1,0,1,0,-1,0,0,1,0,0.025,1
0,0,1,0,1,0,-1,0,0,1,0,0.025,1
0,0,1,0,1,0,-1,0,0,1,0,0.025,1
0,0,1,0,1,0,-1,0,0,1,0,0.025,1
0,0,1,0,1,0,-1,0,0,1,0,0.025,1
0,0,1,0,1,0,-1,0,0,1,0,0.025,1
0,0,1,0,1,0,-1,0,0,1,0,0.025,1
0,0,1,0,1,0,-1,0,0,1,0,0.025,1
0,0,1,0,1,0,-1,0,0,1,0,0.025,1
0,0,1,0,1,0,-1,0,0,1,0,0.025,1
0,0,1,0,1,0,-1,0,0,1,0,0.025,1
0,0,1,0,1,0,-1,0,0,1,0,0.025,1
0,0,1,0,1,0,-1,0,0,1,0,0.025,1
0,0,1,0,1,0,-1,0,0,1,0,0.025,1
0,0,1,0,1,0,-1,0,0,1,0,0.025,1
0,0,1,0,1,0,-1,0,0,1,0,0.025,1
0,0,1,0,1,0,-1,0,0,1,0,0.025,1
0,0,1,0,1,0,-1,0,0,1,0,0.025,1
0,0,1,0,1,0,-1,0,0,1,0,0.025,1
0,0,1,0,1,0,-1,0,0,1,0,0.025,1
0,0,1,0,1,0,-1,0,0,1,0,0.025,1
0,0,1,0,1,0,-1,0,0,1,0,0.025,1
0,0,1,0,1,0,-1,0,0,1,0,0.025,1
0,0,1,0,1,0,-1,0,0,1,0,0.025,1
0,0,1,0,1,0,-1,0,0,1,0,0.025,1
0,0,1,0,1,0,-1,0,0,1,0,0.025,1
0,0,1,0,1,0,-1,0,0,1,0,0.025,1
0,0,1,0,1,0,-1,0,0,1,0,0.025,1
0,0,1,0,1,0,-1,0,0,1,0,0.025,1
0,0,1,0,1,0,-1,0,0,1,0,0.025,1
0,0,1,0,1,0,-1,0,0,1,0,0.025,1
0,0,1,0,1,0,-1,0,0,1,0,0.025,1
0,0,1,0,1,0,-1,0,0,1,0,0.025,1
0,0,1,0,1,0,-1,0,0,1,0,0.025,1
0,0,1,0,1,0,-1,0,0,1,0,0.025,1
0,0,1,0,1,0,-1,0,0,1,0,0.025,1
0,0,1,0,1,0,-1,0,0,1,0,0.025,1
0,0,1,0,1,0,-1,0,0,1,0,0.025,1
0,0,1,0,1,0,-1,0,0,1,0,0.025,1
0,0,1,0,1,0,-1,0,0,1,0,0.025,1
0,0,1,0,1,0,-1,0,0,1,0,0.025,1
0,0,1,0,1,0,-1,0,0,1,0,0.025,1
0,0,1,0,1,0,-1,0,0,1,0,0.025,1
0,0,1,0,1,0,-1,0,0,1,0,0.025,1
0,0,1,0,1,0,-1,0,0,1,0,0.025,1
0,0,1,0,1,0,-1,0,0,1,0,0.025,1
0,0,1,0,1,0,-1,0,0,1,0,0.025,1
0,0,1,0,1,0,-1,0,0,1,0,0.025,1
0,0,1,0,1,0,-1,0,0,1,0,0.025,1
0,0,1,0,1,0,-1,0,0,1,0,0.025,1
0,0,1,0,1,0,-1,0,0,1,0,0.025,1
0,0,1,0,1,0,-1,0,0,1,0,0.025,1
0,0,1,0,1,0,-1,0,0,1,0,0.025,1
0,0,1,0,1,0,-1,0,0,1,0,0.025,1
0,0,1,0,1,0,-1,0,0,1,0,0.025,1
0,0,1,0,1,0,-1,0,0,1,0,0.025,1
0,0,1,0,1,0,-1,0,0,1,0,0.025,1
0,0,1,0,1,0,-1,0,0,1,0,0.025,1
0,0,1,0,1,0,-1,0,0,1,0,0.025,1
0,0,1,0,1,0,-1,0,0,1,0,0.025,1
0,0,1,0,1,0,-1,0,0,1,0,0.025,1
0,0,1,0,1,0,-1,0,0,1,0,0.025,1
0,0,1,0,1,0,-1,0,0,1,0,0.025,1
0,0,1,0,1,0,-1,0,0,1,0,0.025,1
0,0,1,0,1,0,-1,0,0,1,0,0.025,1
0,0,1,0,1,0,-1,0,0,1,0,0.025,1
0,0,1,0,1,0,-1,0,0,1,0,0.025,1
0,0,1,0,1,0,-1,0,0,1,0,0.025,1
0,0,1,0,1,0,-1,0,0,1,0,0.025,1
0,0,1,0,1,0,-1,0,0,1,0,0.025,1
0,0,1,0,1,0,-1,0,0,1,0,0.025,1
0,0,1,0,1,0,-1,0,0,1,0,0.025,1
0,0,1,0,1,0,-1,0,0,1,0,0.025,1
0,0,1,0,1,0,-1,0,0,1,0,0.025,1
0,0,1,0,1,0,-1,0,0,1,0,0.025,1
0,0,1,0,1,0,-1,0,0,1,0,0.025,1
0,0,1,0,1,0,-1,0,0,1,0,0.025,1
0,0,1,0,1,0,-1,0,0,1,0,0.025,1
0,0,1,0,1,0,-1,0,0,1,0,0.025,1
0,0,1,0,1,0,-1,0,0,1,0,0.025,1
0,0,1,0,1,0,-1,0,0,1,0,0.025,1
0,0,1,0,1,0,-1,0,0,1,0,0.025,1
0,0,1,0,1,0,-1,0,0,1,0,0.025,1
0,0,1,0,1,0,-1,0,0,1,0,0.025,1
0,0,1,0,1,0,-1,0,0,1,0,0.025,1
0,0,1,0,1,0,-1,0,0,1,0,0.025,1
0,0,1,0,1,0,-1,0,0,1,0,0.025,1
0,0,1,0,1,0,-1,0,0,1,0,0.025,1
0,0,1,0,1,0,-1,0,0,1,0,0.025,1
0,0,1,0,1,0,-1,0,0,1,0,0.025,1
0,0,1,0,1,0,-1,0,0,1,0,0.025,1
0,0,1,0,1,0,-1,0,0,1,0,0.025,1
0,0,1,0,1,0,-1,0,0,1,0,0.025,1
0,0,1,0,1,0,-1,0,0,1,0,0.025,1
0,0,1,0,1,0,-1,0,0,1,0,0.025,1
0,0,1,0,1,0,-1,0,0,1,0,0.025,1
0,0,1,0,1,0,-1,0,0,1,0,0.025,1
0,0,1,0,1,0,-1,0,0,1,0,0.025,1
0,0,1,0,1,0,-1,0,0,1,0,0.025,1
0,0,1,0,1,0,-1,0,0,1,0,0.025,1
0,0,1,0,1,0,-1,0,0,1,0,0.025,1
0,0,1,0,1,0,-1,0,0,1,0,0.025,1
0,0,1,0,1,0,-1,0,0,1,0,0.025,1
0,0,1,0,1,0,-1,0,0,1,0,0.025,1
0,0,1,0,1,0,-1,0,0,1,0,0.025,1
0,0,1,0,1,0,-1,0,0,1,0,0.025,1
0,0,1,0,1,0,-1,0,0,1,0,0.025,1
0,0,1,0,1,0,-1,0,0,1,0,0.025,1
0,0,1,0,1,0,-1,0,0,1,0,0.025,1
0,0,1,0,1,0,-1,0,0,1,0,0.025,1
0,0,1,0,1,0,-1,0,0,1,0,0.025,1
0,0,1,0,1,0,-1,0,0,1,0,0.025,1
0,0,1,0,1,0,-1,0,0,1,0,0.025,1
0,0,1,0,1,0,-1,0,0,1,0,0.025,1
0,0,1,0,1,0,-1,0,0,1,0,0.025,1
0,0,1,0,1,0,-1,0,0,1,0,0.025,1
0,0,1,0,1,0,-1,0,0,1,0,0.025,1
0,0,1,0,1,0,-1,0,0,1,0,0.025,1
0,0,1,0,1,0,-1,0,0,1,0,0.025,1
0,0,1,0,1,0,-1,0,0,1,0,0.025,1
0,0,1,0,1,0,-1,0,0,1,0,0.025,1
0,0,1,0,1,0,-1,0,0,1,0,0.025,1
0,0,1,0,1,0,-1,0,0,1,0,0.025,1
0,0,1,0,1,0,-1,0,0,1,0,0.025,1
0,0,1,0,1,0,-1,0,0,1,0,0.025,1
0,0,1,0,1,0,-1,0,0,1,0,0.025,1
0,0,1,0,1,0,-1,0,0,1,0,0.025,1
0,0,1,0,1,0,-1,0,0,1,0,0.025,1
0,0,1,0,1,0,-1,0,0,1,0,0.025,1
0,0,1,0,1,0,-1,0,0,1,0,0.025,1
0,0,1,0,1,0,-1,0,0,1,0,0.025,1
0,0,1,0,1,0,-1,0,0,1,0,0.025,1
0,0,1,0,1,0,-1,0,0,1,0,0.025,1
0,0,1,0,1,0,-1,0,0,1,0,0.025,1
0,0,1,0,1,0,-1,0,0,1,0,0.025,1
0,0,1,0,1,0,-1,0,0,1,0,0.025,1
0,0,1,0,1,0,-1,0,0,1,0,0.025,1
0,0,1,0,1,0,-1,0,0,1,0,0.025,1
0,0,1,0,1,0,-1,0,0,1,0,0.025,1
0,0,1,0,1,0,-1,0,0,1,0,0.025,1
0,0,1,0,1,0,-1,0,0,1,0,0.025,1
0,0,1,0,1,0,-1,0,0,1,0,0.025,1
0,0,1,0,1,0,-1,0,0,1,0,0.025,1
0,0,1,0,1,0,-1,0,0,1,0,0.025,1
0,0,1,0,1,0,-1,0,0,1,0,0.025,1
0,0,1,0,1,0,-1,0,0,1,0,0.025,1
0,0,1,0,1,0,-1,0,0,1,0,0.025,1
0,0,1,0,1,0,-1,0,0,1,0,0.025,1
0,0,1,0,1,0,-1,0,0,1,0,0.025,1
0,0,1,0,1,0,-1,0,0,1,0,0.025,1
0,0,1,0,1,0,-1,0,0,1,0,0.025,1
0,0,1,0,1,0,-1,0,0,1,0,0.025,1
0,0,1,0,1,0,-1,0,0,1,0,0.025,1
0,0,1,0,1,0,-1,0,0,1,0,0.025,1
0,0,1,0,1,0,-1,0,0,1,0,0.025,1
0,0,1,0,1,0,-1,0,0,1,0,0.025,1
0,0,1,0,1,0,-1,0,0,1,0,0.025,1
0,0,1,0,1,0,-1,0,0,1,0,0.025,1
0,0,1,0,1,0,-1,0,0,1,0,0.025,1
0,0,1,0,1,0,-1,0,0,1,0,0.025,1
0,0,1,0,1,0,-1,0,0,1,0,0.025,1
0,0,1,0,1,0,-1,0,0,1,0,0.025,1
0,0,1,0,1,0,-1,0,0,1,0,0.025,1
0,0,1,0,1,0,-1,0,0,1,0,0.025,1
0,0,1,0,1,0,-1,0,0,1,0,0.025,1
0,0,1,0,1,0,-1,0,0,1,0,0.025,1
0,0,1,0,1,0,-1,0,0,1,0,0.025,1
0,0,1,0,1,0,-1,0,0,1,0,0.025,1
0,0,1,0,1,0,-1,0,0,1,0,0.025,1
0,0,1,0,1,0,-1,0,0,1,0,0.025,1
0,0,1,0,1,0,-1,0,0,1,0,0.025,1
0,0,1,0,1,0,-1,0,0,1,0,0.025,1
0,0,1,0,1,0,-1,0,0,1,0,0.025,1
0,0,1,0,1,0,-1,0,0,1,0,0.025,1
0,0,1,0,1,0,-1,0,0,1,0,0.025,1
0,0,1,0,1,0,-1,0,0,1,0,0.025,1
0,0,1,0,1,0,-1,0,0,1,0,0.025,1
0,0,1,0,1,0,-1,0,0,1,0,0.025,1
0,0,1,0,1,0,-1,0,0,1,0,0.025,1
0,0,1,0,1,0,-1,0,0,1,0,0.025,1
0,0,1,0,1,0,-1,0,0,1,0,0.025,1
0,0,1,0,1,0,-1,0,0,1,0,0.025,1
0,0,1,0,1,0,-1,0,0,1,0,0.025,1
0,0,1,0,1,0,-1,0,0,1,0,0.025,1
0,0,1,0,1,0,-1,0,0,1,0,0.025,1
0,0,1,0,1,0,-1,0,0,1,0,0.025,1
0,0,1,0,1,0,-1,0,0,1,0,0.025,1
0,0,1,0,1,0,-1,0,0,1,0,0.025,1
0,0,1,0,1,0,-1,0,0,1,0,0.025,1
0,0,1,0,1,0,-1,0,0,1,0,0.025,1
0,0,1,0,1,0,-1,0,0,1,0,0.025,1
0,0,1,0,1,0,-1,0,0,1,0,0.025,1
0,0,1,0,1,0,-1,0,0,1,0,0.025,1
0,0,1,0,1,0,-1,0,0,1,0,0.025,1
0,0,1,0,1,0,-1,0,0,1,0,0.025,1
0,0,1,0,1,0,-1,0,0,1,0,0.025,1
0,0,1,0,1,0,-1,0,0,1,0,0.025,1
0,0,1,0,1,0,-1,0,0,1,0,0.025,1
0,0,1,0,1,0,-1,0,0,1,0,0.025,1
0,0,1,0,1,0,-1,0,0,1,0,0.025,1
0,0,1,0,1,0,-1,0,0,1,0,0.025,1
0,0,1,0,1,0,-1,0,0,1,0,0.025,1
0,0,1,0,1,0,-1,0,0,1,0,0.025,1
0,0,1,0,1,0,-1,0,0,1,0,0.025,1
0,0,1,0,1,0,-1,0,0,1,0,0.025,1
0,0,1,0,1,0,-1,0,0,1,0,0.025,1
0,0,1,0,1,0,-1,0,0,1,0,0.025,1
0,0,1,0,1,0,-1,0,0,1,0,0.025,1
0,0,1,0,1,0,-1,0,0,1,0,0.025,1
0,0,1,0,1,0,-1,0,0,1,0,0.025,1
0,0,1,0,1,0,-1,0,0,1,0,0.025,1
0,0,1,0,1,0,-1,0,0,1,0,0.025,1
0,0,1,0,1,0,-1,0,0,1,0,0.025,1
0,0,1,0,1,0,-1,0,0,1,0,0.025,1
0,0,1,0,1,0,-1,0,0,1,0,0.025,1
0,0,1,0,1,0,-1,0,0,1,0,0.025,1
0,0,1,0,1,0,-1,0,0,1,0,0.025,1
0,0,1,0,1,0,-1,0,0,1,0,0.025,1
0,0,1,0,1,0,-1,0,0,1,0,0.025,1
0,0,1,0,1,0,-1,0,0,1,0,0.025,1
0,0,1,0,1,0,-1,0,0,1,0,0.025,1
0,0,1,0,1,0,-1,0,0,1,0,0.025,1
0,0,1,0,1,0,-1,0,0,1,0,0.025,1
0,0,1,0,1,0,-1,0,0,1,0,0.025,1
0,0,1,0,1,0,-1,0,0,1,0,0.025,1
0,0,1,0,1,0,-1,0,0,1,0,0.025,1
0,0,1,0,1,0,-1,0,0,1,0,0.025,1
0,0,1,0,1,0,-1,0,0,1,0,0.025,1
0,0,1,0,1,0,-1,0,0,1,0,0.025,1
0,0,1,0,1,0,-1,0,0,1,0,0.025,1
0,0,1,0,1,0,-1,0,0,1,0,0.025,1
0,0,1,0,1,0,-1,0,0,1,0,0.025,1
0,0,1,0,1,0,-1,0,0,1,0,0.025,1
0,0,1,0,1,0,-1,0,0,1,0,0.025,1
0,0,1,0,1,0,-1,0,0,1,0,0.025,1
0,0,1,0,1,0,-1,0,0,1,0,0.025,1
0,0,1,0,1,0,-1,0,0,1,0,0.025,1
0,0,1,0,1,0,-1,0,0,1,0,0.025,1
0,0,1,0,1,0,-1,0,0,1,0,0.025,1
0,0,1,0,1,0,-1,0,0,1,0,0.025,1
0,0,1,0,1,0,-1,0,0,1,0,0.025,1
0,0,1,0,1,0,-1,0,0,1,0,0.025,1
0,0,1,0,1,0,-1,0,0,1,0,0.025,1
0,0,1,0,1,0,-1,0,0,1,0,0.025,1
0,0,1,0,1,0,-1,0,0,1,0,0.025,1
0,0,1,0,1,0,-1,0,0,1,0,0.025,1
0,0,1,0,1,0,-1,0,0,1,0,0.025,1
0,0,1,0,1,0,-1,0,0,1,0,0.025,1
0,0,1,0,1,0,-1,0,0,1,0,0.025,1
0,0,1,0,1,0,-1,0,0,1,0,0.025,1
0,0,1,0,1,0,-1,0,0,1,0,0.025,1
0,0,1,0,1,0,-1,0,0,1,0,0.025,1
0,0,1,0,1,0,-1,0,0,1,0,0.025,1
0,0,1,0,1,0,-1,0,0,1,0,0.025,1
0,0,1,0,1,0,-1,0,0,1,0,0.025,1
0,0,1,0,1,0,-1,0,0,1,0,0.025,1
0,0,1,0,1,0,-1,0,0,1,0,0.025,1
0,0,1,0,1,0,-1,0,0,1,0,0.025,1
0,0,1,0,1,0,-1,0,0,1,0,0.025,1
0,0,1,0,1,0,-1,0,0,1,0,0.025,1
0,0,1,0,1,0,-1,0,0,1,0,0.025,1
0,0,1,0,1,0,-1,0,0,1,0,0.025,1
0,0,1,0,1,0,-1,0,0,1,0,0.025,1
0,0,1,0,1,0,-1,0,0,1,0,0.025,1
0,0,1,0,1,0,-1,0,0,1,0,0.025,1
0,0,1,0,1,0,-1,0,0,1,0,0.025,1
0,0,1,0,1,0,-1,0,0,1,0,0.025,1
0,0,1,0,1,0,-1,0,0,1,0,0.025,1
0,0,1,0,1,0,-1,0,0,1,0,0.025,1
0,0,1,0,1,0,-1,0,0,1,0,0.025,1
0,0,1,0,1,0,-1,0,0,1,0,0.025,1
0,0,1,0,1,0,-1,0,0,1,0,0.025,1
0,0,1,0,1,0,-1,0,0,1,0,0.025,1
0,0,1,0,1,0,-1,0,0,1,0,0.025,1
0,0,1,0,1,0,-1,0,0,1,0,0.025,1
0,0,1,0,1,0,-1,0,0,1,0,0.025,1
0,0,1,0,1,0,-1,0,0,1,0,0.025,1
0,0,1,0,1,0,-1,0,0,1,0,0.025,1
0,0,1,0,1,0,-1,0,0,1,0,0.025,1
0,0,1,0,1,0,-1,0,0,1,0,0.025,1
0,0,1,0,1,0,-1,0,0,1,0,0.025,1
0,0,1,0,1,0,-1,0,0,1,0,0.025,1
0,0,1,0,1,0,-1,0,0,1,0,0.025,1
0,0,1,0,1,0,-1,0,0,1,0,0.025,1
0,0,1,0,1,0,-1,0,0,1,0,0.025,1
0,0,1,0,1,0,-1,0,0,1,0,0.025,1
0,0,1,0,1,0,-1,0,0,1,0,0.025,1
0,0,1,0,1,0,-1,0,0,1,0,0.025,1
0,0,1,0,1,0,-1,0,0,1,0,0.025,1
0,0,1,0,1,0,-1,0,0,1,0,0.025,1
0,0,1,0,1,0,-1,0,0,1,0,0.025,1
0,0,1,0,1,0,-1,0,0,1,0,0.025,1
0,0,1,0,1,0,-1,0,0,1,0,0.025001,1
0,0,1,0,1,0,-1,0,0,1,0,0.025002,1
0,0,1,0,1,0,-1,0,0,1,0,0.025003,1
0,0,1,0,1,0,-1,0,0,1,0,0.025006,1
0,0,1,0,1,0,-1,0,0,1,0,0.025009,1
0,0,1,0,1,0,-1,0,0,1,0,0.025014,1
0,0,1,0,1,0,-1,0,0,1,0,0.02502,1
0,0,1,0,1,0,-1,0,0,1,0,0.025027,1
0,0,1,0,1,0,-1,0,0,1,0,0.025035,1
0,0,1,0,1,0,-1,0,0,1,0,0.025046,1
0,0,1,0,1,0,-1,0,0,1,0,0.025058,1
0,0,1,0,1,0,-1,0,0,1,0,0.025072,1
0,0,1,0,1,0,-1,0,0,1,0,0.025088,1
0,0,1,0,1,0,-1,0,0,1,0,0.025106,1
0,0,1,0,1,0,-1,0,0,1,0,0.025126,1
0,0,1,0,1,0,-1,0,0,1,0,0.025149,1
0,0,1,0,1,0,-1,0,0,1,0,0.025175,1
0,0,1,0,1,0,-1,0,0,1,0,0.025203,1
0,0,1,0,1,0,-1,0,0,1,0,0.025233,1
0,0,1,0,1,0,-1,0,0,1,0,0.025267,1
0,0,1,0,1,0,-1,0,0,1,0,0.025303,1
0,0,1,0,1,0,-1,0,0,1,0,0.025343,1
0,0,1,0,1,0,-1,0,0,1,0,0.025385,1
0,0,1,0,1,0,-1,0,0,1,0,0.025431,1
0,0,1,0,1,0,-1,0,0,1,0,0.02548,1
0,0,1,0,1,0,-1,0,0,1,0,0.025533,1
0,0,1,0,1,0,-1,0,0,1,0,0.025589,1
0,0,1,0,1,0,-1,0,0,1,0,0.025648,1
0,0,1,0,1,0,-1,0,0,1,0,0.025711,1
0,0,1,0,1,0,-1,0,0,1,0,0.025778,1
0,0,1,0,1,0,-1,0,0,1,0,0.025849,1
0,0,1,0,1,0,-1,0,0,1,0,0.025923,1
0,0,1,0,1,0,-1,0,0,1,0,0.026002,1
0,0,1,0,1,0,-1,0,0,1,0,0.026084,1
0,0,1,0,1,0,-1,0,0,1,0,0.02617,1
0,0,1,0,1,0,-1,0,0,1,0,0.026261,1
0,0,1,0,1,0,-1,0,0,1,0,0.026356,1
0,0,1,0,1,0,-1,0,0,1,0,0.026455,1
0,0,1,0,1,0,-1,0,0,1,0,0.026558,1
0,0,1,0,1,0,-1,0,0,1,0,0.026665,1
0,0,1,0,1,0,-1,0,0,1,0,0.026777,1
0,0,1,0,1,0,-1,0,0,1,0,0.026894,1
0,0,1,0,1,0,-1,0,0,1,0,0.027014,1
0,0,1,0,1,0,-1,0,0,1,0,0.02714,1
0,0,1,0,1,0,-1,0,0,1,0,0.027269,1
0,0,1,0,1,0,-1,0,0,1,0,0.027404,1
0,0,1,0,1,0,-1,0,0,1,0,0.027543,1
0,0,1,0,1,0,-1,0,0,1,0,0.027686,1
0,0,1,0,1,0,-1,0,0,1,0,0.027835,1
0,0,1,0,1,0,-1,0,0,1,0,0.027988,1
0,0,1,0,1,0,-1,0,0,1,0,0.028145,1
