1,0,0,0,1,0,0,0,1,0,0,0.7,0
1,0,1.517e-06,0,1,0,-1.517e-06,0,1,7.3137e-07,0,0.7,0
1,0,1.2063e-05,0,1,0,-1.2063e-05,0,1,5.8157e-06,0,0.7,0
1,0,4.0466e-05,0,1,0,-4.0466e-05,0,1,1.9509e-05,0,0.70002,0
1,0,9.5339e-05,0,1,0,-9.5339e-05,0,1,4.5965e-05,0,0.70004,0
1,0,0.00018508,0,1,0,-0.00018508,0,1,8.9233e-05,0,0.70007,0
1,0,0.00031786,0,1,0,-0.00031786,0,1,0.00015326,0,0.70012,0
1,0,0.00050166,0,1,0,-0.00050166,0,1,0.0002419,0,0.70019,0
1,0,0.00074424,0,1,0,-0.00074424,0,1,0.00035891,0,0.70029,0
1,0,0.0010532,0,1,0,-0.0010532,0,1,0.00050795,0,0.70041,0
1,0,0.0014357,0,1,0,-0.0014357,0,1,0.00069258,0,0.70055,0
1,0,0.0018991,0,1,0,-0.0018991,0,1,0.00091629,0,0.70073,0
1,0,0.0024503,0,1,0,-0.0024503,0,1,0.0011825,0,0.70094,0
1,0,0.003096,0,1,0,-0.003096,0,1,0.0014944,0,0.70119,0
0.99999,0,0.0038426,0,1,0,-0.0038426,0,0.99999,0.0018554,0,0.70148,0
0.99999,0,0.0046967,0,1,0,-0.0046967,0,0.99999,0.0022686,0,0.70181,0
0.99998,0,0.0056643,0,1,0,-0.0056643,0,0.99998,0.002737,0,0.70218,0
0.99998,0,0.0067513,0,1,0,-0.0067513,0,0.99998,0.0032636,0,0.7026,0
0.99997,0,0.0079635,0,1,0,-0.0079635,0,0.99997,0.0038515,0,0.70306,0
0.99996,0,0.0093065,0,1,0,-0.0093065,0,0.99996,0.0045035,0,0.70357,0
0.99994,0,0.010786,0,1,0,-0.010786,0,0.99994,0.0052223,0,0.70414,0
0.99992,0,0.012406,0,1,0,-0.012406,0,0.99992,0.0060108,0,0.70475,0
0.9999,0,0.014173,0,1,0,-0.014173,0,0.9999,0.0068716,0,0.70542,0
0.99987,0,0.016091,0,1,0,-0.016091,0,0.99987,0.0078075,0,0.70615,0
0.99984,0,0.018165,0,1,0,-0.018165,0,0.99984,0.0088209,0,0.70693,0
0.99979,0,0.020398,0,1,0,-0.020398,0,0.99979,0.0099145,0,0.70778,0
0.99974,0,0.022797,0,1,0,-0.022797,0,0.99974,0.011091,0,0.70868,0
0.99968,0,0.025363,0,1,0,-0.025363,0,0.99968,0.012352,0,0.70964,0
0.99961,0,0.028103,0,1,0,-0.028103,0,0.99961,0.013701,0,0.71066,0
0.99952,0,0.031018,0,1,0,-0.031018,0,0.99952,0.01514,0,0.71174,0
0.99942,0,0.034113,0,1,0,-0.034113,0,0.99942,0.016671,0,0.71289,0
0.9993,0,0.03739,0,1,0,-0.03739,0,0.9993,0.018296,0,0.7141,0
0.99917,0,0.040854,0,1,0,-0.040854,0,0.99917,0.020018,0,0.71537,0
0.99901,0,0.044507,0,1,0,-0.044507,0,0.99901,0.02184,0,0.71671,0
0.99883,0,0.048352,0,1,0,-0.048352,0,0.99883,0.023762,0,0.7181,0
0.99863,0,0.052391,0,1,0,-0.052391,0,0.99863,0.025788,0,0.71957,0
0.9984,0,0.056627,0,1,0,-0.056627,0,0.9984,0.02792,0,0.72109,0
0.99813,0,0.061062,0,1,0,-0.061062,0,0.99813,0.030159,0,0.72268,0
0.99784,0,0.065698,0,1,0,-0.065698,0,0.99784,0.032508,0,0.72432,0
0.99751,0,0.070537,0,1,0,-0.070537,0,0.99751,0.034968,0,0.72603,0
0.99714,0,0.075581,0,1,0,-0.075581,0,0.99714,0.037542,0,0.7278,0
0.99673,0,0.08083,0,1,0,-0.08083,0,0.99673,0.040232,0,0.72963,0
0.99627,0,0.086287,0,1,0,-0.086287,0,0.99627,0.04304,0,0.73152,0
0.99576,0,0.091953,0,1,0,-0.091953,0,0.99576,0.045967,0,0.73346,0
0.9952,0,0.097827,0,1,0,-0.097827,0,0.9952,0.049015,0,0.73546,0
0.99459,0,0.10391,0,1,0,-0.10391,0,0.99459,0.052187,0,0.73751,0
0.99391,0,0.11021,0,1,0,-0.11021,0,0.99391,0.055483,0,0.73961,0
0.99317,0,0.11671,0,1,0,-0.11671,0,0.99317,0.058906,0,0.74177,0
0.99235,0,0.12343,0,1,0,-0.12343,0,0.99235,0.062458,0,0.74397,0
0.99147,0,0.13035,0,1,0,-0.13035,0,0.99147,0.066139,0,0.74622,0
0.9905,0,0.13749,0,1,0,-0.13749,0,0.9905,0.069952,0,0.74851,0
0.98946,0,0.14484,0,1,0,-0.14484,0,0.98946,0.073899,0,0.75084,0
0.98832,0,0.15239,0,1,0,-0.15239,0,0.98832,0.077979,0,0.75321,0
0.98709,0,0.16016,0,1,0,-0.16016,0,0.98709,0.082196,0,0.75561,0
0.98577,0,0.16812,0,1,0,-0.16812,0,0.98577,0.08655,0,0.75805,0
0.98434,0,0.1763,0,1,0,-0.1763,0,0.98434,0.091042,0,0.76052,0
0.9828,0,0.18468,0,1,0,-0.18468,0,0.9828,0.095674,0,0.76301,0
0.98115,0,0.19325,0,1,0,-0.19325,0,0.98115,0.10045,0,0.76553,0
0.97938,0,0.20203,0,1,0,-0.20203,0,0.97938,0.10536,0,0.76806,0
0.97749,0,0.211,0,1,0,-0.211,0,0.97749,0.11042,0,0.77061,0
0.97546,0,0.22017,0,1,0,-0.22017,0,0.97546,0.11562,0,0.77318,0
0.9733,0,0.22953,0,1,0,-0.22953,0,0.9733,0.12097,0,0.77575,0
0.971,0,0.23908,0,1,0,-0.23908,0,0.971,0.12646,0,0.77832,0
0.96855,0,0.24881,0,1,0,-0.24881,0,0.96855,0.13209,0,0.7809,0
0.96595,0,0.25872,0,1,0,-0.25872,0,0.96595,0.13787,0,0.78347,0
0.96319,0,0.26881,0,1,0,-0.26881,0,0.96319,0.1438,0,0.78604,0
0.96027,0,0.27907,0,1,0,-0.27907,0,0.96027,0.14988,0,0.78859,0
0.95718,0,0.28949,0,1,0,-0.28949,0,0.95718,0.1561,0,0.79113,0
0.95391,0,0.30008,0,1,0,-0.30008,0,0.95391,0.16247,0,0.79364,0
0.95046,0,0.31083,0,1,0,-0.31083,0,0.95046,0.16898,0,0.79613,0
0.94683,0,0.32174,0,1,0,-0.32174,0,0.94683,0.17564,0,0.79859,0
0.943,0,0.33279,0,1,0,-0.33279,0,0.943,0.18245,0,0.80101,0
0.93898,0,0.34398,0,1,0,-0.34398,0,0.93898,0.1894,0,0.80339,0
0.93475,0,0.35531,0,1,0,-0.35531,0,0.93475,0.19649,0,0.80572,0
0.93031,0,0.36677,0,1,0,-0.36677,0,0.93031,0.20373,0,0.80801,0
0.92566,0,0.37835,0,1,0,-0.37835,0,0.92566,0.21111,0,0.81024,0
0.92079,0,0.39005,0,1,0,-0.39005,0,0.92079,0.21863,0,0.81241,0
0.9157,0,0.40186,0,1,0,-0.40186,0,0.9157,0.22628,0,0.81451,0
0.91038,0,0.41377,0,1,0,-0.41377,0,0.91038,0.23408,0,0.81655,0
0.90483,0,0.42577,0,1,0,-0.42577,0,0.90483,0.24201,0,0.81851,0
0.89904,0,0.43787,0,1,0,-0.43787,0,0.89904,0.25008,0,0.82038,0
0.89301,0,0.45004,0,1,0,-0.45004,0,0.89301,0.25828,0,0.82218,0
0.88673,0,0.46229,0,1,0,-0.46229,0,0.88673,0.26661,0,0.82388,0
0.8802,0,0.4746,0,1,0,-0.4746,0,0.8802,0.27506,0,0.82548,0
0.87342,0,0.48697,0,1,0,-0.48697,0,0.87342,0.28364,0,0.82699,0
0.86638,0,0.49938,0,1,0,-0.49938,0,0.86638,0.29234,0,0.82839,0
0.85909,0,0.51183,0,1,0,-0.51183,0,0.85909,0.30116,0,0.82968,0
0.85153,0,0.52431,0,1,0,-0.52431,0,0.85153,0.3101,0,0.83085,0
0.8437,0,0.53681,0,1,0,-0.53681,0,0.8437,0.31914,0,0.83191,0
0.83561,0,0.54932,0,1,0,-0.54932,0,0.83561,0.3283,0,0.83284,0
0.82725,0,0.56183,0,1,0,-0.56183,0,0.82725,0.33756,0,0.83364,0
0.81862,0,0.57434,0,1,0,-0.57434,0,0.81862,0.34692,0,0.8343,0
0.80972,0,0.58682,0,1,0,-0.58682,0,0.80972,0.35638,0,0.83483,0
0.80054,0,0.59928,0,1,0,-0.59928,0,0.80054,0.36593,0,0.83522,0
0.79109,0,0.61171,0,1,0,-0.61171,0,0.79109,0.37557,0,0.83546,0
0.78136,0,0.62408,0,1,0,-0.62408,0,0.78136,0.38529,0,0.83554,0
0.77136,0,0.6364,0,1,0,-0.6364,0,0.77136,0.39509,0,0.83548,0
0.76108,0,0.64866,0,1,0,-0.64866,0,0.76108,0.40497,0,0.83526,0
0.75053,0,0.66084,0,1,0,-0.66084,0,0.75053,0.41491,0,0.83487,0
0.73971,0,0.67293,0,1,0,-0.67293,0,0.73971,0.42492,0,0.83432,0
0.72861,0,0.68492,0,1,0,-0.68492,0,0.72861,0.43499,0,0.83361,0
0.71725,0,0.69682,0,1,0,-0.69682,0,0.71725,0.44511,0,0.83272,0
0.70562,0,0.70859,0,1,0,-0.70859,0,0.70562,0.45527,0,0.83166,0
0.69372,0,0.72024,0,1,0,-0.72024,0,0.69372,0.46548,0,0.83042,0
0.68156,0,0.73176,0,1,0,-0.73176,0,0.68156,0.47573,0,0.82901,0
0.66915,0,0.74313,0,1,0,-0.74313,0,0.66915,0.48601,0,0.82741,0
0.65647,0,0.75435,0,1,0,-0.75435,0,0.65647,0.49631,0,0.82563,0
0.64355,0,0.7654,0,1,0,-0.7654,0,0.64355,0.50663,0,0.82367,0
0.63038,0,0.77629,0,1,0,-0.77629,0,0.63038,0.51696,0,0.82152,0
0.61696,0,0.78699,0,1,0,-0.78699,0,0.61696,0.5273,0,0.81919,0
0.60331,0,0.79751,0,1,0,-0.79751,0,0.60331,0.53764,0,0.81666,0
0.58943,0,0.80782,0,1,0,-0.80782,0,0.58943,0.54797,0,0.81395,0
0.57532,0,0.81793,0,1,0,-0.81793,0,0.57532,0.5583,0,0.81105,0
0.56099,0,0.82782,0,1,0,-0.82782,0,0.56099,0.5686,0,0.80797,0
0.54644,0,0.8375,0,1,0,-0.8375,0,0.54644,0.57888,0,0.80469,0
0.53169,0,0.84694,0,1,0,-0.84694,0,0.53169,0.58912,0,0.80122,0
0.51674,0,0.85614,0,1,0,-0.85614,0,0.51674,0.59933,0,0.79757,0
0.5016,0,0.8651,0,1,0,-0.8651,0,0.5016,0.6095,0,0.79373,0
0.48627,0,0.87381,0,1,0,-0.87381,0,0.48627,0.61962,0,0.7897,0
0.47076,0,0.88226,0,1,0,-0.88226,0,0.47076,0.62968,0,0.78548,0
0.45509,0,0.89045,0,1,0,-0.89045,0,0.45509,0.63968,0,0.78109,0
0.43925,0,0.89836,0,1,0,-0.89836,0,0.43925,0.64961,0,0.77651,0
0.42326,0,0.90601,0,1,0,-0.90601,0,0.42326,0.65947,0,0.77175,0
0.40713,0,0.91337,0,1,0,-0.91337,0,0.40713,0.66924,0,0.76682,0
0.39086,0,0.92045,0,1,0,-0.92045,0,0.39086,0.67894,0,0.76171,0
0.37447,0,0.92724,0,1,0,-0.92724,0,0.37447,0.68854,0,0.75643,0
0.35797,0,0.93373,0,1,0,-0.93373,0,0.35797,0.69804,0,0.75098,0
0.34135,0,0.93994,0,1,0,-0.93994,0,0.34135,0.70745,0,0.74536,0
0.32464,0,0.94584,0,1,0,-0.94584,0,0.32464,0.71674,0,0.73958,0
0.30785,0,0.95144,0,1,0,-0.95144,0,0.30785,0.72593,0,0.73365,0
0.29097,0,0.95673,0,1,0,-0.95673,0,0.29097,0.735,0,0.72756,0
0.27403,0,0.96172,0,1,0,-0.96172,0,0.27403,0.74394,0,0.72132,0
0.25703,0,0.9664,0,1,0,-0.9664,0,0.25703,0.75276,0,0.71493,0
0.23999,0,0.97078,0,1,0,-0.97078,0,0.23999,0.76145,0,0.7084,0
0.22291,0,0.97484,0,1,0,-0.97484,0,0.22291,0.77,0,0.70174,0
0.2058,0,0.97859,0,1,0,-0.97859,0,0.2058,0.77842,0,0.69494,0
0.18868,0,0.98204,0,1,0,-0.98204,0,0.18868,0.78669,0,0.68801,0
0.17155,0,0.98518,0,1,0,-0.98518,0,0.17155,0.79482,0,0.68097,0
0.15443,0,0.988,0,1,0,-0.988,0,0.15443,0.80279,0,0.6738,0
0.13732,0,0.99053,0,1,0,-0.99053,0,0.13732,0.81061,0,0.66653,0
0.12023,0,0.99275,0,1,0,-0.99275,0,0.12023,0.81828,0,0.65915,0
0.10317,0,0.99466,0,1,0,-0.99466,0,0.10317,0.82579,0,0.65167,0
0.086165,0,0.99628,0,1,0,-0.99628,0,0.086165,0.83314,0,0.64409,0
0.069208,0,0.9976,0,1,0,-0.9976,0,0.069208,0.84032,0,0.63642,0
0.052315,0,0.99863,0,1,0,-0.99863,0,0.052315,0.84734,0,0.62868,0
0.035493,0,0.99937,0,1,0,-0.99937,0,0.035493,0.85419,0,0.62085,0
0.018752,0,0.99982,0,1,0,-0.99982,0,0.018752,0.86087,0,0.61296,0
0.0021015,0,1,0,1,0,-1,0,0.0021015,0.86739,0,0.605,0
-0.01445,0,0.9999,0,1,0,-0.9999,0,-0.01445,0.87373,0,0.59698,0
-0.030894,0,0.99952,0,1,0,-0.99952,0,-0.030894,0.8799,0,0.58891,0
-0.047221,0,0.99888,0,1,0,-0.99888,0,-0.047221,0.88589,0,0.58079,0
-0.063425,0,0.99799,0,1,0,-0.99799,0,-0.063425,0.89172,0,0.57263,0
-0.079496,0,0.99684,0,1,0,-0.99684,0,-0.079496,0.89736,0,0.56444,0
-0.095427,0,0.99544,0,1,0,-0.99544,0,-0.095427,0.90284,0,0.55622,0
-0.11121,0,0.9938,0,1,0,-0.9938,0,-0.11121,0.90815,0,0.54797,0
-0.12684,0,0.99192,0,1,0,-0.99192,0,-0.12684,0.91328,0,0.53972,0
-0.14231,0,0.98982,0,1,0,-0.98982,0,-0.14231,0.91824,0,0.53145,0
-0.15761,0,0.9875,0,1,0,-0.9875,0,-0.15761,0.92302,0,0.52317,0
-0.17274,0,0.98497,0,1,0,-0.98497,0,-0.17274,0.92764,0,0.5149,0
-0.18768,0,0.98223,0,1,0,-0.98223,0,-0.18768,0.93209,0,0.50664,0
-0.20244,0,0.97929,0,1,0,-0.97929,0,-0.20244,0.93638,0,0.49839,0
-0.21701,0,0.97617,0,1,0,-0.97617,0,-0.21701,0.94049,0,0.49016,0
-0.23138,0,0.97286,0,1,0,-0.97286,0,-0.23138,0.94445,0,0.48196,0
-0.24555,0,0.96938,0,1,0,-0.96938,0,-0.24555,0.94824,0,0.47378,0
-0.25951,0,0.96574,0,1,0,-0.96574,0,-0.25951,0.95188,0,0.46564,0
-0.27326,0,0.96194,0,1,0,-0.96194,0,-0.27326,0.95535,0,0.45755,0
-0.2868,0,0.95799,0,1,0,-0.95799,0,-0.2868,0.95868,0,0.44949,0
-0.30012,0,0.9539,0,1,0,-0.9539,0,-0.30012,0.96185,0,0.44149,0
-0.31322,0,0.94968,0,1,0,-0.94968,0,-0.31322,0.96487,0,0.43355,0
-0.3261,0,0.94534,0,1,0,-0.94534,0,-0.3261,0.96775,0,0.42567,0
-0.33874,0,0.94088,0,1,0,-0.94088,0,-0.33874,0.97048,0,0.41785,0
-0.35116,0,0.93632,0,1,0,-0.93632,0,-0.35116,0.97307,0,0.4101,0
-0.36334,0,0.93166,0,1,0,-0.93166,0,-0.36334,0.97553,0,0.40243,0
-0.37529,0,0.92691,0,1,0,-0.92691,0,-0.37529,0.97786,0,0.39483,0
-0.38701,0,0.92208,0,1,0,-0.92208,0,-0.38701,0.98005,0,0.38732,0
-0.39849,0,0.91717,0,1,0,-0.91717,0,-0.39849,0.98212,0,0.37989,0
-0.40973,0,0.91221,0,1,0,-0.91221,0,-0.40973,0.98406,0,0.37256,0
-0.42073,0,0.90719,0,1,0,-0.90719,0,-0.42073,0.98589,0,0.36532,0
-0.43149,0,0.90212,0,1,0,-0.90212,0,-0.43149,0.9876,0,0.35817,0
-0.44201,0,0.89701,0,1,0,-0.89701,0,-0.44201,0.9892,0,0.35113,0
-0.45229,0,0.89187,0,1,0,-0.89187,0,-0.45229,0.99069,0,0.34419,0
-0.46233,0,0.88671,0,1,0,-0.88671,0,-0.46233,0.99208,0,0.33735,0
-0.47213,0,0.88153,0,1,0,-0.88153,0,-0.47213,0.99337,0,0.33063,0
-0.48169,0,0.87634,0,1,0,-0.87634,0,-0.48169,0.99456,0,0.32402,0
-0.49101,0,0.87116,0,1,0,-0.87116,0,-0.49101,0.99565,0,0.31752,0
-0.50009,0,0.86597,0,1,0,-0.86597,0,-0.50009,0.99666,0,0.31114,0
-0.50894,0,0.8608,0,1,0,-0.8608,0,-0.50894,0.99759,0,0.30488,0
-0.51755,0,0.85565,0,1,0,-0.85565,0,-0.51755,0.99843,0,0.29874,0
-0.52593,0,0.85053,0,1,0,-0.85053,0,-0.52593,0.99919,0,0.29272,0
-0.53407,0,0.84544,0,1,0,-0.84544,0,-0.53407,0.99988,0,0.28683,0
-0.54198,0,0.84039,0,1,0,-0.84039,0,-0.54198,1.0005,0,0.28107,0
-0.54967,0,0.83538,0,1,0,-0.83538,0,-0.54967,1.0011,0,0.27543,0
-0.55713,0,0.83043,0,1,0,-0.83043,0,-0.55713,1.0015,0,0.26992,0
-0.56436,0,0.82553,0,1,0,-0.82553,0,-0.56436,1.002,0,0.26454,0
-0.57137,0,0.82069,0,1,0,-0.82069,0,-0.57137,1.0024,0,0.25929,0
-0.57816,0,0.81592,0,1,0,-0.81592,0,-0.57816,1.0027,0,0.25418,0
-0.58473,0,0.81123,0,1,0,-0.81123,0,-0.58473,1.0029,0,0.2492,0
-0.59109,0,0.80661,0,1,0,-0.80661,0,-0.59109,1.0032,0,0.24435,0
-0.59723,0,0.80207,0,1,0,-0.80207,0,-0.59723,1.0034,0,0.23963,0
-0.60317,0,0.79761,0,1,0,-0.79761,0,-0.60317,1.0035,0,0.23505,0
-0.6089,0,0.79325,0,1,0,-0.79325,0,-0.6089,1.0036,0,0.23061,0
-0.61442,0,0.78898,0,1,0,-0.78898,0,-0.61442,1.0037,0,0.22629,0
-0.61975,0,0.7848,0,1,0,-0.7848,0,-0.61975,1.0037,0,0.22211,0
-0.62487,0,0.78073,0,1,0,-0.78073,0,-0.62487,1.0037,0,0.21807,0
-0.6298,0,0.77676,0,1,0,-0.77676,0,-0.6298,1.0037,0,0.21416,0
-0.63454,0,0.77289,0,1,0,-0.77289,0,-0.63454,1.0037,0,0.21038,0
-0.63909,0,0.76913,0,1,0,-0.76913,0,-0.63909,1.0036,0,0.20674,0
-0.64346,0,0.76548,0,1,0,-0.76548,0,-0.64346,1.0036,0,0.20323,0
-0.64764,0,0.76195,0,1,0,-0.76195,0,-0.64764,1.0035,0,0.19984,0
-0.65164,0,0.75853,0,1,0,-0.75853,0,-0.65164,1.0034,0,0.19659,0
-0.65547,0,0.75522,0,1,0,-0.75522,0,-0.65547,1.0033,0,0.19347,0
-0.65912,0,0.75203,0,1,0,-0.75203,0,-0.65912,1.0031,0,0.19048,0
-0.66261,0,0.74896,0,1,0,-0.74896,0,-0.66261,1.003,0,0.18761,0
-0.66593,0,0.74601,0,1,0,-0.74601,0,-0.66593,1.0029,0,0.18487,0
-0.66909,0,0.74318,0,1,0,-0.74318,0,-0.66909,1.0027,0,0.18226,0
-0.67209,0,0.74047,0,1,0,-0.74047,0,-0.67209,1.0026,0,0.17976,0
-0.67493,0,0.73788,0,1,0,-0.73788,0,-0.67493,1.0024,0,0.17739,0
-0.67763,0,0.7354,0,1,0,-0.7354,0,-0.67763,1.0023,0,0.17514,0
-0.68017,0,0.73305,0,1,0,-0.73305,0,-0.68017,1.0021,0,0.173,0
-0.68257,0,0.73082,0,1,0,-0.73082,0,-0.68257,1.002,0,0.17098,0
-0.68483,0,0.7287,0,1,0,-0.7287,0,-0.68483,1.0018,0,0.16907,0
-0.68696,0,0.7267,0,1,0,-0.7267,0,-0.68696,1.0017,0,0.16728,0
-0.68894,0,0.72481,0,1,0,-0.72481,0,-0.68894,1.0015,0,0.16559,0
-0.6908,0,0.72304,0,1,0,-0.72304,0,-0.6908,1.0014,0,0.16401,0
-0.69254,0,0.72138,0,1,0,-0.72138,0,-0.69254,1.0013,0,0.16254,0
-0.69415,0,0.71983,0,1,0,-0.71983,0,-0.69415,1.0011,0,0.16116,0
-0.69564,0,0.71839,0,1,0,-0.71839,0,-0.69564,1.001,0,0.15989,0
-0.69701,0,0.71706,0,1,0,-0.71706,0,-0.69701,1.0009,0,0.15871,0
-0.69828,0,0.71582,0,1,0,-0.71582,0,-0.69828,1.0008,0,0.15762,0
-0.69944,0,0.71469,0,1,0,-0.71469,0,-0.69944,1.0007,0,0.15663,0
-0.7005,0,0.71366,0,1,0,-0.71366,0,-0.7005,1.0006,0,0.15572,0
-0.70145,0,0.71272,0,1,0,-0.71272,0,-0.70145,1.0005,0,0.15489,0
-0.70232,0,0.71186,0,1,0,-0.71186,0,-0.70232,1.0004,0,0.15415,0
-0.70309,0,0.7111,0,1,0,-0.7111,0,-0.70309,1.0004,0,0.15348,0
-0.70378,0,0.71042,0,1,0,-0.71042,0,-0.70378,1.0003,0,0.15288,0
-0.70438,0,0.70982,0,1,0,-0.70982,0,-0.70438,1.0003,0,0.15236,0
-0.70491,0,0.70929,0,1,0,-0.70929,0,-0.70491,1.0002,0,0.1519,0
-0.70537,0,0.70884,0,1,0,-0.70884,0,-0.70537,1.0002,0,0.1515,0
-0.70576,0,0.70845,0,1,0,-0.70845,0,-0.70576,1.0001,0,0.15117,0
-0.70609,0,0.70812,0,1,0,-0.70812,0,-0.70609,1.0001,0,0.15088,0
-0.70636,0,0.70785,0,1,0,-0.70785,0,-0.70636,1.0001,0,0.15065,0
-0.70658,0,0.70763,0,1,0,-0.70763,0,-0.70658,1.0001,0,0.15046,0
-0.70675,0,0.70746,0,1,0,-0.70746,0,-0.70675,1,0,0.15031,0
-0.70688,0,0.70733,0,1,0,-0.70733,0,-0.70688,1,0,0.1502,0
-0.70698,0,0.70724,0,1,0,-0.70724,0,-0.70698,1,0,0.15011,0
-0.70704,0,0.70717,0,1,0,-0.70717,0,-0.70704,1,0,0.15006,0
-0.70708,0,0.70714,0,1,0,-0.70714,0,-0.70708,1,0,0.15002,0
-0.7071,0,0.70712,0,1,0,-0.70712,0,-0.7071,1,0,0.15001,0
-0.70711,0,0.70711,0,1,0,-0.70711,0,-0.70711,1,0,0.15,0
-0.70711,0,0.70711,0,1,0,-0.70711,0,-0.70711,1,0,0.15,0
-0.70711,0,0.70711,0,1,0,-0.70711,0,-0.70711,1,0,0.15,0
-0.70711,0,0.70711,0,1,0,-0.70711,0,-0.70711,1,0,0.15,0
-0.70711,0,0.70711,0,1,0,-0.70711,0,-0.70711,1,0,0.14999,0
-0.70711,0,0.70711,0,1,0,-0.70711,0,-0.70711,1,0,0.14997,0
-0.70711,0,0.70711,0,1,0,-0.70711,0,-0.70711,1,0,0.14992,0
-0.70711,0,0.70711,0,1,0,-0.70711,0,-0.70711,1,0,0.14985,0
-0.70711,0,0.70711,0,1,0,-0.70711,0,-0.70711,1,0,0.14975,0
-0.70711,0,0.70711,0,1,0,-0.70711,0,-0.70711,1,0,0.1496,0
-0.70711,0,0.70711,0,1,0,-0.70711,0,-0.70711,1,0,0.14942,0
-0.70711,0,0.70711,0,1,0,-0.70711,0,-0.70711,1,0,0.14918,0
-0.70711,0,0.70711,0,1,0,-0.70711,0,-0.70711,1,0,0.1489,0
-0.70711,0,0.70711,0,1,0,-0.70711,0,-0.70711,1,0,0.14856,0
-0.70711,0,0.70711,0,1,0,-0.70711,0,-0.70711,1,0,0.14816,0
-0.70711,0,0.70711,0,1,0,-0.70711,0,-0.70711,1,0,0.1477,0
-0.70711,0,0.70711,0,1,0,-0.70711,0,-0.70711,1,0,0.14717,0
-0.70711,0,0.70711,0,1,0,-0.70711,0,-0.70711,1,0,0.14658,0
-0.70711,0,0.70711,0,1,0,-0.70711,0,-0.70711,1,0,0.14592,0
-0.70711,0,0.70711,0,1,0,-0.70711,0,-0.70711,1,0,0.14519,0
-0.70711,0,0.70711,0,1,0,-0.70711,0,-0.70711,1,0,0.14439,0
-0.70711,0,0.70711,0,1,0,-0.70711,0,-0.70711,1,0,0.14351,0
-0.70711,0,0.70711,0,1,0,-0.70711,0,-0.70711,1,0,0.14256,0
-0.70711,0,0.70711,0,1,0,-0.70711,0,-0.70711,1,0,0.14154,0
-0.70711,0,0.70711,0,1,0,-0.70711,0,-0.70711,1,0,0.14045,0
-0.70711,0,0.70711,0,1,0,-0.70711,0,-0.70711,1,0,0.13928,0
-0.70711,0,0.70711,0,1,0,-0.70711,0,-0.70711,1,0,0.13804,0
-0.70711,0,0.70711,0,1,0,-0.70711,0,-0.70711,1,0,0.13673,0
-0.70711,0,0.70711,0,1,0,-0.70711,0,-0.70711,1,0,0.13534,0
-0.70711,0,0.70711,0,1,0,-0.70711,0,-0.70711,1,0,0.13388,0
-0.70711,0,0.70711,0,1,0,-0.70711,0,-0.70711,1,0,0.13236,0
-0.70711,0,0.70711,0,1,0,-0.70711,0,-0.70711,1,0,0.13077,0
-0.70711,0,0.70711,0,1,0,-0.70711,0,-0.70711,1,0,0.12911,0
-0.70711,0,0.70711,0,1,0,-0.70711,0,-0.70711,1,0,0.12739,0
-0.70711,0,0.70711,0,1,0,-0.70711,0,-0.70711,1,0,0.12561,0
-0.70711,0,0.70711,0,1,0,-0.70711,0,-0.70711,1,0,0.12377,0
-0.70711,0,0.70711,0,1,0,-0.70711,0,-0.70711,1,0,0.12187,0
-0.70711,0,0.70711,0,1,0,-0.70711,0,-0.70711,1,0,0.11991,0
-0.70711,0,0.70711,0,1,0,-0.70711,0,-0.70711,1,0,0.11791,0
-0.70711,0,0.70711,0,1,0,-0.70711,0,-0.70711,1,0,0.11586,0
-0.70711,0,0.70711,0,1,0,-0.70711,0,-0.70711,1,0,0.11376,0
-0.70711,0,0.70711,0,1,0,-0.70711,0,-0.70711,1,0,0.11162,0
-0.70711,0,0.70711,0,1,0,-0.70711,0,-0.70711,1,0,0.10944,0
-0.70711,0,0.70711,0,1,0,-0.70711,0,-0.70711,1,0,0.10723,0
-0.70711,0,0.70711,0,1,0,-0.70711,0,-0.70711,1,0,0.10499,0
-0.70711,0,0.70711,0,1,0,-0.70711,0,-0.70711,1,0,0.10271,0
-0.70711,0,0.70711,0,1,0,-0.70711,0,-0.70711,1,0,0.10041,0
-0.70711,0,0.70711,0,1,0,-0.70711,0,-0.70711,1,0,0.098095,0
-0.70711,0,0.70711,0,1,0,-0.70711,0,-0.70711,1,0,0.095758,0
-0.70711,0,0.70711,0,1,0,-0.70711,0,-0.70711,1,0,0.093409,0
-0.70711,0,0.70711,0,1,0,-0.70711,0,-0.70711,1,0,0.091049,0
-0.70711,0,0.70711,0,1,0,-0.70711,0,-0.70711,1,0,0.088684,0
-0.70711,0,0.70711,0,1,0,-0.70711,0,-0.70711,1,0,0.086316,0
-0.70711,0,0.70711,0,1,0,-0.70711,0,-0.70711,1,0,0.083951,0
-0.70711,0,0.70711,0,1,0,-0.70711,0,-0.70711,1,0,0.081591,0
-0.70711,0,0.70711,0,1,0,-0.70711,0,-0.70711,1,0,0.079242,0
-0.70711,0,0.70711,0,1,0,-0.70711,0,-0.70711,1,0,0.076905,0
-0.70711,0,0.70711,0,1,0,-0.70711,0,-0.70711,1,0,0.074586,0
-0.70711,0,0.70711,0,1,0,-0.70711,0,-0.70711,1,0,0.072288,0
-0.70711,0,0.70711,0,1,0,-0.70711,0,-0.70711,1,0,0.070014,0
-0.70711,0,0.70711,0,1,0,-0.70711,0,-0.70711,1,0,0.067769,0
-0.70711,0,0.70711,0,1,0,-0.70711,0,-0.70711,1,0,0.065556,0
-0.70711,0,0.70711,0,1,0,-0.70711,0,-0.70711,1,0,0.063378,0
-0.70711,0,0.70711,0,1,0,-0.70711,0,-0.70711,1,0,0.061238,0
-0.70711,0,0.70711,0,1,0,-0.70711,0,-0.70711,1,0,0.059141,0
-0.70711,0,0.70711,0,1,0,-0.70711,0,-0.70711,1,0,0.057089,0
-0.70711,0,0.70711,0,1,0,-0.70711,0,-0.70711,1,0,0.055086,0
-0.70711,0,0.70711,0,1,0,-0.70711,0,-0.70711,1,0,0.053133,0
-0.70711,0,0.70711,0,1,0,-0.70711,0,-0.70711,1,0,0.051235,0
-0.70711,0,0.70711,0,1,0,-0.70711,0,-0.70711,1,0,0.049393,0
-0.70711,0,0.70711,0,1,0,-0.70711,0,-0.70711,1,0,0.04761,0
-0.70711,0,0.70711,0,1,0,-0.70711,0,-0.70711,1,0,0.045889,0
-0.70711,0,0.70711,0,1,0,-0.70711,0,-0.70711,1,0,0.044232,0
-0.70711,0,0.70711,0,1,0,-0.70711,0,-0.70711,1,0,0.04264,0
-0.70711,0,0.70711,0,1,0,-0.70711,0,-0.70711,1,0,0.041115,0
-0.70711,0,0.70711,0,1,0,-0.70711,0,-0.70711,1,0,0.03966,0
-0.70711,0,0.70711,0,1,0,-0.70711,0,-0.70711,1,0,0.038275,0
-0.70711,0,0.70711,0,1,0,-0.70711,0,-0.70711,1,0,0.036961,0
-0.70711,0,0.70711,0,1,0,-0.70711,0,-0.70711,1,0,0.03572,0
-0.70711,0,0.70711,0,1,0,-0.70711,0,-0.70711,1,0,0.034551,0
-0.70711,0,0.70711,0,1,0,-0.70711,0,-0.70711,1,0,0.033457,0
-0.70711,0,0.70711,0,1,0,-0.70711,0,-0.70711,1,0,0.032435,0
-0.70711,0,0.70711,0,1,0,-0.70711,0,-0.70711,1,0,0.031488,0
-0.70711,0,0.70711,0,1,0,-0.70711,0,-0.70711,1,0,0.030613,0
-0.70711,0,0.70711,0,1,0,-0.70711,0,-0.70711,1,0,0.029811,0
-0.70711,0,0.70711,0,1,0,-0.70711,0,-0.70711,1,0,0.02908,0
-0.70711,0,0.70711,0,1,0,-0.70711,0,-0.70711,1,0,0.02842,0
-0.70711,0,0.70711,0,1,0,-0.70711,0,-0.70711,1,0,0.027828,0
-0.70711,0,0.70711,0,1,0,-0.70711,0,-0.70711,1,0,0.027302,0
-0.70711,0,0.70711,0,1,0,-0.70711,0,-0.70711,1,0,0.026841,0
-0.70711,0,0.70711,0,1,0,-0.70711,0,-0.70711,1,0,0.026442,0
-0.70711,0,0.70711,0,1,0,-0.70711,0,-0.70711,1,0,0.026101,0
-0.70711,0,0.70711,0,1,0,-0.70711,0,-0.70711,1,0,0.025816,0
-0.70711,0,0.70711,0,1,0,-0.70711,0,-0.70711,1,0,0.025582,0
-0.70711,0,0.70711,0,1,0,-0.70711,0,-0.70711,1,0,0.025396,0
-0.70711,0,0.70711,0,1,0,-0.70711,0,-0.70711,1,0,0.025254,0
-0.70711,0,0.70711,0,1,0,-0.70711,0,-0.70711,1,0,0.025149,0
-0.70711,0,0.70711,0,1,0,-0.70711,0,-0.70711,1,0,0.025078,0
-0.70711,0,0.70711,0,1,0,-0.70711,0,-0.70711,1,0,0.025033,0
-0.70711,0,0.70711,0,1,0,-0.70711,0,-0.70711,1,0,0.02501,0
-0.70711,0,0.70711,0,1,0,-0.70711,0,-0.70711,1,0,0.025001,0
-0.70711,0,0.70711,0,1,0,-0.70711,0,-0.70711,1,0,0.025,0
-0.70711,0,0.70711,0,1,0,-0.70711,0,-0.70711,1,0,0.025,1
-0.70711,0,0.70711,0,1,0,-0.70711,0,-0.70711,1,0,0.025,1
-0.70711,0,0.70711,0,1,0,-0.70711,0,-0.70711,1,0,0.025,1
-0.70711,0,0.70711,0,1,0,-0.70711,0,-0.70711,1,0,0.025,1
-0.70711,0,0.70711,0,1,0,-0.70711,0,-0.70711,1,0,0.025,1
-0.70711,0,0.70711,0,1,0,-0.70711,0,-0.70711,1,0,0.025,1
-0.70711,0,0.70711,0,1,0,-0.70711,0,-0.70711,1,0,0.025,1
-0.70711,0,0.70711,0,1,0,-0.70711,0,-0.70711,1,0,0.025,1
-0.70711,0,0.70711,0,1,0,-0.70711,0,-0.70711,1,0,0.025,1
-0.70711,0,0.70711,0,1,0,-0.70711,0,-0.70711,1,0,0.025,1
-0.70711,0,0.70711,0,1,0,-0.70711,0,-0.70711,1,0,0.025,1
-0.70711,0,0.70711,0,1,0,-0.70711,0,-0.70711,1,0,0.025,1
-0.70711,0,0.70711,0,1,0,-0.70711,0,-0.70711,1,0,0.025,1
-0.70711,0,0.70711,0,1,0,-0.70711,0,-0.70711,1,0,0.025,1
-0.70711,0,0.70711,0,1,0,-0.70711,0,-0.70711,1,0,0.025,1
-0.70711,0,0.70711,0,1,0,-0.70711,0,-0.70711,1,0,0.025,1
-0.70711,0,0.70711,0,1,0,-0.70711,0,-0.70711,1,0,0.025,1
-0.70711,0,0.70711,0,1,0,-0.70711,0,-0.70711,1,0,0.025,1
-0.70711,0,0.70711,0,1,0,-0.70711,0,-0.70711,1,0,0.025,1
-0.70711,0,0.70711,0,1,0,-0.70711,0,-0.70711,1,0,0.025,1
-0.70711,0,0.70711,0,1,0,-0.70711,0,-0.70711,1,0,0.025,1
-0.70711,0,0.70711,0,1,0,-0.70711,0,-0.70711,1,0,0.025,1
-0.70711,0,0.70711,0,1,0,-0.70711,0,-0.70711,1,0,0.025,1
-0.70711,0,0.70711,0,1,0,-0.70711,0,-0.70711,1,0,0.025,1
-0.70711,0,0.70711,0,1,0,-0.70711,0,-0.70711,1,0,0.025,1
-0.70711,0,0.70711,0,1,0,-0.70711,0,-0.70711,1,0,0.025,1
-0.70711,0,0.70711,0,1,0,-0.70711,0,-0.70711,1,0,0.025,1
-0.70711,0,0.70711,0,1,0,-0.70711,0,-0.70711,1,0,0.025,1
-0.70711,0,0.70711,0,1,0,-0.70711,0,-0.70711,1,0,0.025,1
-0.70711,0,0.70711,0,1,0,-0.70711,0,-0.70711,1,0,0.025,1
-0.70711,0,0.70711,0,1,0,-0.70711,0,-0.70711,1,0,0.025,1
-0.70711,0,0.70711,0,1,0,-0.70711,0,-0.70711,1,0,0.025,1
-0.70711,0,0.70711,0,1,0,-0.70711,0,-0.70711,1,0,0.025,1
-0.70711,0,0.70711,0,1,0,-0.70711,0,-0.70711,1,0,0.025,1
-0.70711,0,0.70711,0,1,0,-0.70711,0,-0.70711,1,0,0.025,1
-0.70711,0,0.70711,0,1,0,-0.70711,0,-0.70711,1,0,0.025,1
-0.70711,0,0.70711,0,1,0,-0.70711,0,-0.70711,1,0,0.025,1
-0.70711,0,0.70711,0,1,0,-0.70711,0,-0.70711,1,0,0.025,1
-0.70711,0,0.70711,0,1,0,-0.70711,0,-0.70711,1,0,0.025,1
-0.70711,0,0.70711,0,1,0,-0.70711,0,-0.70711,1,0,0.025,1
-0.70711,0,0.70711,0,1,0,-0.70711,0,-0.70711,1,0,0.025,1
-0.70711,0,0.70711,0,1,0,-0.70711,0,-0.70711,1,0,0.025,1
-0.70711,0,0.70711,0,1,0,-0.70711,0,-0.70711,1,0,0.025,1
-0.70711,0,0.70711,0,1,0,-0.70711,0,-0.70711,1,0,0.025,1
-0.70711,0,0.70711,0,1,0,-0.70711,0,-0.70711,1,0,0.025,1
-0.70711,0,0.70711,0,1,0,-0.70711,0,-0.70711,1,0,0.025,1
-0.70711,0,0.70711,0,1,0,-0.70711,0,-0.70711,1,0,0.025,1
-0.70711,0,0.70711,0,1,0,-0.70711,0,-0.70711,1,0,0.025,1
-0.70711,0,0.70711,0,1,0,-0.70711,0,-0.70711,1,0,0.025,1
-0.70711,0,0.70711,0,1,0,-0.70711,0,-0.70711,1,0,0.025,1
-0.70711,0,0.70711,0,1,0,-0.70711,0,-0.70711,1,0,0.025,1
-0.70711,0,0.70711,0,1,0,-0.70711,0,-0.70711,1,0,0.025,1
-0.70711,0,0.70711,0,1,0,-0.70711,0,-0.70711,1,0,0.025,1
-0.70711,0,0.70711,0,1,0,-0.70711,0,-0.70711,1,0,0.025,1
-0.70711,0,0.70711,0,1,0,-0.70711,0,-0.70711,1,0,0.025,1
-0.70711,0,0.70711,0,1,0,-0.70711,0,-0.70711,1,0,0.025,1
-0.70711,0,0.70711,0,1,0,-0.70711,0,-0.70711,1,0,0.025,1
-0.70711,0,0.70711,0,1,0,-0.70711,0,-0.70711,1,0,0.025,1
-0.70711,0,0.70711,0,1,0,-0.70711,0,-0.70711,1,0,0.025,1
-0.70711,0,0.70711,0,1,0,-0.70711,0,-0.70711,1,0,0.025,1
-0.70711,0,0.70711,0,1,0,-0.70711,0,-0.70711,1,0,0.025,1
-0.70711,0,0.70711,0,1,0,-0.70711,0,-0.70711,1,0,0.025,1
-0.70711,0,0.70711,0,1,0,-0.70711,0,-0.70711,1,0,0.025,1
-0.70711,0,0.70711,0,1,0,-0.70711,0,-0.70711,1,0,0.025,1
-0.70711,0,0.70711,0,1,0,-0.70711,0,-0.70711,1,0,0.025,1
-0.70711,0,0.70711,0,1,0,-0.70711,0,-0.70711,1,0,0.025,1
-0.70711,0,0.70711,0,1,0,-0.70711,0,-0.70711,1,0,0.025,1
-0.70711,0,0.70711,0,1,0,-0.70711,0,-0.70711,1,0,0.025,1
-0.70711,0,0.70711,0,1,0,-0.70711,0,-0.70711,1,0,0.025,1
-0.70711,0,0.70711,0,1,0,-0.70711,0,-0.70711,1,0,0.025,1
-0.70711,0,0.70711,0,1,0,-0.70711,0,-0.70711,1,0,0.025,1
-0.70711,0,0.70711,0,1,0,-0.70711,0,-0.70711,1,0,0.025,1
-0.70711,0,0.70711,0,1,0,-0.70711,0,-0.70711,1,0,0.025,1
-0.70711,0,0.70711,0,1,0,-0.70711,0,-0.70711,1,0,0.025,1
-0.70711,0,0.70711,0,1,0,-0.70711,0,-0.70711,1,0,0.025,1
-0.70711,0,0.70711,0,1,0,-0.70711,0,-0.70711,1,0,0.025,1
-0.70711,0,0.70711,0,1,0,-0.70711,0,-0.70711,1,0,0.025,1
-0.70711,0,0.70711,0,1,0,-0.70711,0,-0.70711,1,0,0.025,1
-0.70711,0,0.70711,0,1,0,-0.70711,0,-0.70711,1,0,0.025,1
-0.70711,0,0.70711,0,1,0,-0.70711,0,-0.70711,1,0,0.025,1
-0.70711,0,0.70711,0,1,0,-0.70711,0,-0.70711,1,0,0.025,1
-0.70711,0,0.70711,0,1,0,-0.70711,0,-0.70711,1,0,0.025,1
-0.70711,0,0.70711,0,1,0,-0.70711,0,-0.70711,1,0,0.025,1
-0.70711,0,0.70711,0,1,0,-0.70711,0,-0.70711,1,0,0.025,1
-0.70711,0,0.70711,0,1,0,-0.70711,0,-0.70711,1,0,0.025,1
-0.70711,0,0.70711,0,1,0,-0.70711,0,-0.70711,1,0,0.025,1
-0.70711,0,0.70711,0,1,0,-0.70711,0,-0.70711,1,0,0.025,1
-0.70711,0,0.70711,0,1,0,-0.70711,0,-0.70711,1,0,0.025,1
-0.70711,0,0.70711,0,1,0,-0.70711,0,-0.70711,1,0,0.025,1
-0.70711,0,0.70711,0,1,0,-0.70711,0,-0.70711,1,0,0.025,1
-0.70711,0,0.70711,0,1,0,-0.70711,0,-0.70711,1,0,0.025,1
-0.70711,0,0.70711,0,1,0,-0.70711,0,-0.70711,1,0,0.025,1
-0.70711,0,0.70711,0,1,0,-0.70711,0,-0.70711,1,0,0.025,1
-0.70711,0,0.70711,0,1,0,-0.70711,0,-0.70711,1,0,0.025,1
-0.70711,0,0.70711,0,1,0,-0.70711,0,-0.70711,1,0,0.025,1
-0.70711,0,0.70711,0,1,0,-0.70711,0,-0.70711,1,0,0.025,1
-0.70711,0,0.70711,0,1,0,-0.70711,0,-0.70711,1,0,0.025,1
-0.70711,0,0.70711,0,1,0,-0.70711,0,-0.70711,1,0,0.025,1
-0.70711,0,0.70711,0,1,0,-0.70711,0,-0.70711,1,0,0.025,1
-0.70711,0,0.70711,0,1,0,-0.70711,0,-0.70711,1,0,0.025,1
-0.70711,0,0.70711,0,1,0,-0.70711,0,-0.70711,1,0,0.025,1
-0.70711,0,0.70711,0,1,0,-0.70711,0,-0.70711,1,0,0.025001,1
-0.70711,0,0.70711,0,1,0,-0.70711,0,-0.70711,1,0,0.02501,1
-0.70711,0,0.70711,0,1,0,-0.70711,0,-0.70711,1,0,0.025033,1
-0.70711,0,0.70711,0,1,0,-0.70711,0,-0.70711,1,0,0.025078,1
-0.70711,0,0.70711,0,1,0,-0.70711,0,-0.70711,1,0,0.025149,1
-0.70711,0,0.70711,0,1,0,-0.70711,0,-0.70711,1,0,0.025254,1
-0.70711,0,0.70711,0,1,0,-0.70711,0,-0.70711,1,0,0.025396,1
-0.70711,0,0.70711,0,1,0,-0.70711,0,-0.70711,1,0,0.025582,1
-0.70711,0,0.70711,0,1,0,-0.70711,0,-0.70711,1,0,0.025816,1
-0.70711,0,0.70711,0,1,0,-0.70711,0,-0.70711,1,0,0.026101,1
-0.70711,0,0.70711,0,1,0,-0.70711,0,-0.70711,1,0,0.026442,1
-0.70711,0,0.70711,0,1,0,-0.70711,0,-0.70711,1,0,0.026841,1
-0.70711,0,0.70711,0,1,0,-0.70711,0,-0.70711,1,0,0.027302,1
-0.70711,0,0.70711,0,1,0,-0.70711,0,-0.70711,1,0,0.027828,1
-0.70711,0,0.70711,0,1,0,-0.70711,0,-0.70711,1,0,0.02842,1
-0.70711,0,0.70711,0,1,0,-0.70711,0,-0.70711,1,0,0.02908,1
-0.70711,0,0.70711,0,1,0,-0.70711,0,-0.70711,1,0,0.029811,1
-0.70711,0,0.70711,0,1,0,-0.70711,0,-0.70711,1,0,0.030613,1
-0.70711,0,0.70711,0,1,0,-0.70711,0,-0.70711,1,0,0.031488,1
-0.70711,0,0.70711,0,1,0,-0.70711,0,-0.70711,1,0,0.032435,1
-0.70711,0,0.70711,0,1,0,-0.70711,0,-0.70711,1,0,0.033457,1
-0.70711,0,0.70711,0,1,0,-0.70711,0,-0.70711,1,0,0.034551,1
-0.70711,0,0.70711,0,1,0,-0.70711,0,-0.70711,1,0,0.03572,1
-0.70711,0,0.70711,0,1,0,-0.70711,0,-0.70711,1,0,0.036961,1
-0.70711,0,0.70711,0,1,0,-0.70711,0,-0.70711,1,0,0.038275,1
-0.70711,0,0.70711,0,1,0,-0.70711,0,-0.70711,1,0,0.03966,1
-0.70711,0,0.70711,0,1,0,-0.70711,0,-0.70711,1,0,0.041115,1
-0.70711,0,0.70711,0,1,0,-0.70711,0,-0.70711,1,0,0.04264,1
-0.70711,0,0.70711,0,1,0,-0.70711,0,-0.70711,1,0,0.044232,1
-0.70711,0,0.70711,0,1,0,-0.70711,0,-0.70711,1,0,0.045889,1
-0.70711,0,0.70711,0,1,0,-0.70711,0,-0.70711,1,0,0.04761,1
-0.70711,0,0.70711,0,1,0,-0.70711,0,-0.70711,1,0,0.049393,1
-0.70711,0,0.70711,0,1,0,-0.70711,0,-0.70711,1,0,0.051235,1
-0.70711,0,0.70711,0,1,0,-0.70711,0,-0.70711,1,0,0.053133,1
-0.70711,0,0.70711,0,1,0,-0.70711,0,-0.70711,1,0,0.055086,1
-0.70711,0,0.70711,0,1,0,-0.70711,0,-0.70711,1,0,0.057089,1
-0.70711,0,0.70711,0,1,0,-0.70711,0,-0.70711,1,0,0.059141,1
-0.70711,0,0.70711,0,1,0,-0.70711,0,-0.70711,1,0,0.061238,1
-0.70711,0,0.70711,0,1,0,-0.70711,0,-0.70711,1,0,0.063378,1
-0.70711,0,0.70711,0,1,0,-0.70711,0,-0.70711,1,0,0.065556,1
-0.70711,0,0.70711,0,1,0,-0.70711,0,-0.70711,1,0,0.067769,1
-0.70711,0,0.70711,0,1,0,-0.70711,0,-0.70711,1,0,0.070014,1
-0.70711,0,0.70711,0,1,0,-0.70711,0,-0.70711,1,0,0.072288,1
-0.70711,0,0.70711,0,1,0,-0.70711,0,-0.70711,1,0,0.074586,1
-0.70711,0,0.70711,0,1,0,-0.70711,0,-0.70711,1,0,0.076905,1
-0.70711,0,0.70711,0,1,0,-0.70711,0,-0.70711,1,0,0.079242,1
-0.70711,0,0.70711,0,1,0,-0.70711,0,-0.70711,1,0,0.081591,1
-0.70711,0,0.70711,0,1,0,-0.70711,0,-0.70711,1,0,0.083951,1
-0.70711,0,0.70711,0,1,0,-0.70711,0,-0.70711,1,0,0.086316,1
-0.70711,0,0.70711,0,1,0,-0.70711,0,-0.70711,1,0,0.088684,1
-0.70711,0,0.70711,0,1,0,-0.70711,0,-0.70711,1,0,0.091049,1
-0.70711,0,0.70711,0,1,0,-0.70711,0,-0.70711,1,0,0.093409,1
-0.70711,0,0.70711,0,1,0,-0.70711,0,-0.70711,1,0,0.095758,1
-0.70711,0,0.70711,0,1,0,-0.70711,0,-0.70711,1,0,0.098095,1
-0.70711,0,0.70711,0,1,0,-0.70711,0,-0.70711,1,0,0.10041,1
-0.70711,0,0.70711,0,1,0,-0.70711,0,-0.70711,1,0,0.10271,1
-0.70711,0,0.70711,0,1,0,-0.70711,0,-0.70711,1,0,0.10499,1
-0.70711,0,0.70711,0,1,0,-0.70711,0,-0.70711,1,0,0.10723,1
-0.70711,0,0.70711,0,1,0,-0.70711,0,-0.70711,1,0,0.10944,1
-0.70711,0,0.70711,0,1,0,-0.70711,0,-0.70711,1,0,0.11162,1
-0.70711,0,0.70711,0,1,0,-0.70711,0,-0.70711,1,0,0.11376,1
-0.70711,0,0.70711,0,1,0,-0.70711,0,-0.70711,1,0,0.11586,1
-0.70711,0,0.70711,0,1,0,-0.70711,0,-0.70711,1,0,0.11791,1
-0.70711,0,0.70711,0,1,0,-0.70711,0,-0.70711,1,0,0.11991,1
-0.70711,0,0.70711,0,1,0,-0.70711,0,-0.70711,1,0,0.12187,1
-0.70711,0,0.70711,0,1,0,-0.70711,0,-0.70711,1,0,0.12377,1
-0.70711,0,0.70711,0,1,0,-0.70711,0,-0.70711,1,0,0.12561,1
-0.70711,0,0.70711,0,1,0,-0.70711,0,-0.70711,1,0,0.12739,1
-0.70711,0,0.70711,0,1,0,-0.70711,0,-0.70711,1,0,0.12911,1
-0.70711,0,0.70711,0,1,0,-0.70711,0,-0.70711,1,0,0.13077,1
-0.70711,0,0.70711,0,1,0,-0.70711,0,-0.70711,1,0,0.13236,1
-0.70711,0,0.70711,0,1,0,-0.70711,0,-0.70711,1,0,0.13388,1
-0.70711,0,0.70711,0,1,0,-0.70711,0,-0.70711,1,0,0.13534,1
-0.70711,0,0.70711,0,1,0,-0.70711,0,-0.70711,1,0,0.13673,1
-0.70711,0,0.70711,0,1,0,-0.70711,0,-0.70711,1,0,0.13804,1
-0.70711,0,0.70711,0,1,0,-0.70711,0,-0.70711,1,0,0.13928,1
-0.70711,0,0.70711,0,1,0,-0.70711,0,-0.70711,1,0,0.14045,1
-0.70711,0,0.70711,0,1,0,-0.70711,0,-0.70711,1,0,0.14154,1
-0.70711,0,0.70711,0,1,0,-0.70711,0,-0.70711,1,0,0.14256,1
-0.70711,0,0.70711,0,1,0,-0.70711,0,-0.70711,1,0,0.14351,1
-0.70711,0,0.70711,0,1,0,-0.70711,0,-0.70711,1,0,0.14439,1
-0.70711,0,0.70711,0,1,0,-0.70711,0,-0.70711,1,0,0.14519,1
-0.70711,0,0.70711,0,1,0,-0.70711,0,-0.70711,1,0,0.14592,1
-0.70711,0,0.70711,0,1,0,-0.70711,0,-0.70711,1,0,0.14658,1
-0.70711,0,0.70711,0,1,0,-0.70711,0,-0.70711,1,0,0.14717,1
-0.70711,0,0.70711,0,1,0,-0.70711,0,-0.70711,1,0,0.1477,1
-0.70711,0,0.70711,0,1,0,-0.70711,0,-0.70711,1,0,0.14816,1
-0.70711,0,0.70711,0,1,0,-0.70711,0,-0.70711,1,0,0.14856,1
-0.70711,0,0.70711,0,1,0,-0.70711,0,-0.70711,1,0,0.1489,1
-0.70711,0,0.70711,0,1,0,-0.70711,0,-0.70711,1,0,0.14918,1
-0.70711,0,0.70711,0,1,0,-0.70711,0,-0.70711,1,0,0.14942,1
-0.70711,0,0.70711,0,1,0,-0.70711,0,-0.70711,1,0,0.1496,1
-0.70711,0,0.70711,0,1,0,-0.70711,0,-0.70711,1,0,0.14975,1
-0.70711,0,0.70711,0,1,0,-0.70711,0,-0.70711,1,0,0.14985,1
-0.70711,0,0.70711,0,1,0,-0.70711,0,-0.70711,1,0,0.14992,1
-0.70711,0,0.70711,0,1,0,-0.70711,0,-0.70711,1,0,0.14997,1
-0.70711,0,0.70711,0,1,0,-0.70711,0,-0.70711,1,0,0.14999,1
-0.70711,0,0.70711,0,1,0,-0.70711,0,-0.70711,1,0,0.15,1
-0.70711,0,0.70711,0,1,0,-0.70711,0,-0.70711,1,0,0.15,1
-0.70711,0,0.70711,0,1,0,-0.70711,0,-0.70711,1,0,0.15,1
-0.70711,1.5944e-05,0.70711,1.1274e-05,1,-1.1274e-05,-0.70711,1.6941e-21,-0.70711,1,-1.5944e-05,0.15,1
-0.70711,0.00012562,0.70711,8.8825e-05,1,-8.8825e-05,-0.70711,1.3553e-20,-0.70711,1,-0.00012562,0.15,1
-0.70711,0.00041747,0.70711,0.0002952,1,-0.0002952,-0.70711,2.7105e-20,-0.70711,1,-0.00041747,0.15,1
-0.70711,0.0009743,0.70711,0.00068894,1,-0.00068894,-0.70711,5.421e-20,-0.70711,1,-0.0009743,0.15,1
-0.70711,0.0018734,0.70711,0.0013247,1,-0.0013247,-0.70711,1.0842e-19,-0.70711,1,-0.0018734,0.15,1
-0.7071,0.0031866,0.7071,0.0022533,0.99999,-0.0022533,-0.70711,4.3368e-19,-0.70711,0.99999,-0.0031866,0.15,1
-0.7071,0.0049805,0.7071,0.0035217,0.99999,-0.0035217,-0.70711,4.3368e-19,-0.70711,0.99999,-0.0049805,0.15,1
-0.70709,0.0073164,0.70709,0.0051735,0.99997,-0.0051735,-0.70711,8.6736e-19,-0.70711,0.99997,-0.0073164,0.15,1
-0.70707,0.010251,0.70707,0.0072483,0.99995,-0.0072483,-0.70711,8.6736e-19,-0.70711,0.99995,-0.010251,0.15,1
-0.70704,0.013835,0.70704,0.0097825,0.9999,-0.0097825,-0.70711,8.6736e-19,-0.70711,0.9999,-0.013835,0.15,1
-0.70699,0.018115,0.70699,0.012809,0.99984,-0.012809,-0.70711,1.7347e-18,-0.70711,0.99984,-0.018115,0.15,1
-0.70692,0.023133,0.70692,0.016357,0.99973,-0.016357,-0.70711,3.4694e-18,-0.70711,0.99973,-0.023133,0.15,1
-0.70681,0.028925,0.70681,0.020453,0.99958,-0.020453,-0.70711,3.4694e-18,-0.70711,0.99958,-0.028925,0.15,1
-0.70666,0.035525,0.70666,0.02512,0.99937,-0.02512,-0.70711,3.4694e-18,-0.70711,0.99937,-0.035525,0.15,1
-0.70645,0.042959,0.70645,0.030377,0.99908,-0.030377,-0.70711,3.4694e-18,-0.70711,0.99908,-0.042959,0.15,1
-0.70618,0.051251,0.70618,0.03624,0.99869,-0.03624,-0.70711,3.4694e-18,-0.70711,0.99869,-0.051251,0.15,1
-0.70581,0.060419,0.70581,0.042723,0.99817,-0.042723,-0.70711,3.4694e-18,-0.70711,0.99817,-0.060419,0.15,1
-0.70535,0.070478,0.70535,0.049836,0.99751,-0.049836,-0.70711,0,-0.70711,0.99751,-0.070478,0.15,1
-0.70476,0.081437,0.70476,0.057585,0.99668,-0.057585,-0.70711,6.9389e-18,-0.70711,0.99668,-0.081437,0.15,1
-0.70402,0.0933,0.70402,0.065973,0.99564,-0.065973,-0.70711,6.9389e-18,-0.70711,0.99564,-0.0933,0.15,1
-0.70312,0.10607,0.70312,0.075002,0.99436,-0.075002,-0.70711,6.9389e-18,-0.70711,0.99436,-0.10607,0.15,1
-0.70202,0.11974,0.70202,0.084668,0.99281,-0.084668,-0.70711,6.9389e-18,-0.70711,0.99281,-0.11974,0.15,1
-0.7007,0.1343,0.7007,0.094964,0.99094,-0.094964,-0.70711,1.3878e-17,-0.70711,0.99094,-0.1343,0.15,1
-0.69913,0.14974,0.69913,0.10588,0.98873,-0.10588,-0.70711,1.3878e-17,-0.70711,0.98873,-0.14974,0.15,1
-0.69729,0.16604,0.69729,0.11741,0.98612,-0.11741,-0.70711,1.3878e-17,-0.70711,0.98612,-0.16604,0.15,1
-0.69514,0.18318,0.69514,0.12953,0.98308,-0.12953,-0.70711,1.3878e-17,-0.70711,0.98308,-0.18318,0.15,1
-0.69266,0.20113,0.69266,0.14222,0.97956,-0.14222,-0.70711,1.3878e-17,-0.70711,0.97956,-0.20113,0.15,1
-0.68981,0.21986,0.68981,0.15546,0.97553,-0.15546,-0.70711,1.3878e-17,-0.70711,0.97553,-0.21986,0.15,1
-0.68656,0.23933,0.68656,0.16923,0.97094,-0.16923,-0.70711,2.7756e-17,-0.70711,0.97094,-0.23933,0.15,1
-0.68288,0.25949,0.68288,0.18349,0.96574,-0.18349,-0.70711,0,-0.70711,0.96574,-0.25949,0.15,1
-0.67876,0.28032,0.67876,0.19822,0.95991,-0.19822,-0.70711,2.7756e-17,-0.70711,0.95991,-0.28032,0.15,1
-0.67415,0.30175,0.67415,0.21337,0.95339,-0.21337,-0.70711,2.7756e-17,-0.70711,0.95339,-0.30175,0.15,1
-0.66903,0.32373,0.66903,0.22891,0.94615,-0.22891,-0.70711,2.7756e-17,-0.70711,0.94615,-0.32373,0.15,1
-0.66338,0.34621,0.66338,0.24481,0.93816,-0.24481,-0.70711,2.7756e-17,-0.70711,0.93816,-0.34621,0.15,1
-0.65717,0.36912,0.65717,0.26101,0.92938,-0.26101,-0.70711,2.7756e-17,-0.70711,0.92938,-0.36912,0.15,1
-0.65039,0.39241,0.65039,0.27747,0.91979,-0.27747,-0.70711,2.7756e-17,-0.70711,0.91979,-0.39241,0.15,1
-0.64302,0.41599,0.64302,0.29415,0.90937,-0.29415,-0.70711,5.5511e-17,-0.70711,0.90937,-0.41599,0.15,1
-0.63505,0.43981,0.63505,0.31099,0.89809,-0.31099,-0.70711,2.7756e-17,-0.70711,0.89809,-0.43981,0.15,1
-0.62646,0.46379,0.62646,0.32795,0.88595,-0.32795,-0.70711,5.5511e-17,-0.70711,0.88595,-0.46379,0.15,1
-0.61725,0.48786,0.61725,0.34497,0.87292,-0.34497,-0.70711,5.5511e-17,-0.70711,0.87292,-0.48786,0.15,1
-0.60742,0.51195,0.60742,0.362,0.85902,-0.362,-0.70711,5.5511e-17,-0.70711,0.85902,-0.51195,0.15,1
-0.59696,0.53598,0.59696,0.37899,0.84423,-0.37899,-0.70711,5.5511e-17,-0.70711,0.84423,-0.53598,0.15,1
-0.58589,0.55988,0.58589,0.39589,0.82858,-0.39589,-0.70711,5.5511e-17,-0.70711,0.82858,-0.55988,0.15,1
-0.57422,0.58357,0.57422,0.41264,0.81206,-0.41264,-0.70711,5.5511e-17,-0.70711,0.81206,-0.58357,0.15,1
-0.56195,0.60698,0.56195,0.4292,0.79471,-0.4292,-0.70711,5.5511e-17,-0.70711,0.79471,-0.60698,0.15,1
-0.54911,0.63005,0.54911,0.44551,0.77655,-0.44551,-0.70711,5.5511e-17,-0.70711,0.77655,-0.63005,0.15,1
-0.53571,0.65271,0.53571,0.46153,0.75761,-0.46153,-0.70711,5.5511e-17,-0.70711,0.75761,-0.65271,0.15,1
-0.52179,0.67488,0.52179,0.47721,0.73793,-0.47721,-0.70711,5.5511e-17,-0.70711,0.73793,-0.67488,0.15,1
-0.50738,0.69651,0.50738,0.49251,0.71755,-0.49251,-0.70711,5.5511e-17,-0.70711,0.71755,-0.69651,0.15,1
-0.49251,0.71755,0.49251,0.50738,0.69651,-0.50738,-0.70711,5.5511e-17,-0.70711,0.69651,-0.71755,0.15,1
-0.47721,0.73793,0.47721,0.52179,0.67488,-0.52179,-0.70711,5.5511e-17,-0.70711,0.67488,-0.73793,0.15,1
-0.46153,0.75761,0.46153,0.53571,0.65271,-0.53571,-0.70711,5.5511e-17,-0.70711,0.65271,-0.75761,0.15,1
-0.44551,0.77655,0.44551,0.54911,0.63005,-0.54911,-0.70711,5.5511e-17,-0.70711,0.63005,-0.77655,0.15,1
-0.4292,0.79471,0.4292,0.56195,0.60698,-0.56195,-0.70711,5.5511e-17,-0.70711,0.60698,-0.79471,0.15,1
-0.41264,0.81206,0.41264,0.57422,0.58357,-0.57422,-0.70711,5.5511e-17,-0.70711,0.58357,-0.81206,0.15,1
-0.39589,0.82858,0.39589,0.58589,0.55988,-0.58589,-0.70711,5.5511e-17,-0.70711,0.55988,-0.82858,0.15,1
-0.37899,0.84423,0.37899,0.59696,0.53598,-0.59696,-0.70711,5.5511e-17,-0.70711,0.53598,-0.84423,0.15,1
-0.362,0.85902,0.362,0.60742,0.51195,-0.60742,-0.70711,5.5511e-17,-0.70711,0.51195,-0.85902,0.15,1
-0.34497,0.87292,0.34497,0.61725,0.48786,-0.61725,-0.70711,5.5511e-17,-0.70711,0.48786,-0.87292,0.15,1
-0.32795,0.88595,0.32795,0.62646,0.46379,-0.62646,-0.70711,5.5511e-17,-0.70711,0.46379,-0.88595,0.15,1
-0.31099,0.89809,0.31099,0.63505,0.43981,-0.63505,-0.70711,1.1102e-16,-0.70711,0.43981,-0.89809,0.15,1
-0.29415,0.90937,0.29415,0.64302,0.41599,-0.64302,-0.70711,1.1102e-16,-0.70711,0.41599,-0.90937,0.15,1
-0.27747,0.91979,0.27747,0.65039,0.39241,-0.65039,-0.70711,1.1102e-16,-0.70711,0.39241,-0.91979,0.15,1
-0.26101,0.92938,0.26101,0.65717,0.36912,-0.65717,-0.70711,1.1102e-16,-0.70711,0.36912,-0.92938,0.15,1
