x_0e = 0.033;
x_b0 = 0.1662;

z0 = 0.0963;
z1 = 0.0026;
z2 = 0.147;
z3 = 0.155;
z4 = 0.135;
z5 = 0.2176;

B5 = [0 0 1 0 0 0]';
B4 = [0 -1 0 -z5 0 0]';
B3 = [0 -1 0 -(z5+z4) 0 0]';
B2 = [0 -1 0 -(z5+z4+z3) 0 0]';
B1 = [0 0 1 0 x_0e 0]';
By = [0 0 0 0 1 0]';
Bx = [0 0 0 1 0 0]';
Bphi = [0 0 1 0 x_0e+x_b0 0]';

B = [Bphi, Bx, By, B1, B2, B3, B4, B5];

M = [1 0 0 x_0e+x_b0;
     0 1 0 0;
     0 0 1 z0+z1+z2+z3+z4+z5;
     0 0 0 1];