1,0,0,0,1,0,0,0,1,0,0,1,0
1,0,0,0,1,0,0,0,1,1.3175e-08,0,1,0
1,0,0,0,1,0,0,0,1,1.0524e-07,0,1,0
1,0,0,0,1,0,0,0,1,3.5466e-07,0,1,0
1,0,1.0023e-06,0,1,0,-1.0023e-06,0,1,8.3941e-07,0,1,0
1,0,1.9546e-06,0,1,0,-1.9546e-06,0,1,1.637e-06,0,1,0
1,0,3.3725e-06,0,1,0,-3.3725e-06,0,1,2.8245e-06,0,1,0
1,0,5.3474e-06,0,1,0,-5.3474e-06,0,1,4.4784e-06,0,1,0
1,0,7.9701e-06,0,1,0,-7.9701e-06,0,1,6.6749e-06,0,1,0
1,0,1.1331e-05,0,1,0,-1.1331e-05,0,1,9.4896e-06,0,1,0
1,0,1.552e-05,0,1,0,-1.552e-05,0,1,1.2998e-05,0,1,0
1,0,2.0625e-05,0,1,0,-2.0625e-05,0,1,1.7274e-05,0,1,0
1,0,2.6737e-05,0,1,0,-2.6737e-05,0,1,2.2392e-05,0,1,0
1,0,3.3942e-05,0,1,0,-3.3942e-05,0,1,2.8427e-05,0,1,0
1,0,4.2329e-05,0,1,0,-4.2329e-05,0,1,3.545e-05,0,1,0
1,0,5.1983e-05,0,1,0,-5.1983e-05,0,1,4.3536e-05,0,1,0
1,0,6.2993e-05,0,1,0,-6.2993e-05,0,1,5.2757e-05,0,1,0
1,0,7.5443e-05,0,1,0,-7.5443e-05,0,1,6.3184e-05,0,1,0
1,0,8.9419e-05,0,1,0,-8.9419e-05,0,1,7.4889e-05,0,1,0
1,0,0.00010501,0,1,0,-0.00010501,0,1,8.7943e-05,0,1,0
1,0,0.00012229,0,1,0,-0.00012229,0,1,0.00010242,0,1,0
1,0,0.00014135,0,1,0,-0.00014135,0,1,0.00011838,0,1,0
1,0,0.00016227,0,1,0,-0.00016227,0,1,0.0001359,0,1,0
1,0,0.00018513,0,1,0,-0.00018513,0,1,0.00015505,0,1,0
1,0,0.00021003,0,1,0,-0.00021003,0,1,0.0001759,0,1,0
1,0,0.00023703,0,1,0,-0.00023703,0,1,0.00019851,0,1,0
1,0,0.00026622,0,1,0,-0.00026622,0,1,0.00022296,0,1,0
1,0,0.00029767,0,1,0,-0.00029767,0,1,0.00024931,0,1,0
1,0,0.00033148,0,1,0,-0.00033148,0,1,0.00027762,0,1.0001,0
1,0,0.00036772,0,1,0,-0.00036772,0,1,0.00030797,0,1.0001,0
1,0,0.00040646,0,1,0,-0.00040646,0,1,0.00034042,0,1.0001,0
1,0,0.00044779,0,1,0,-0.00044779,0,1,0.00037504,0,1.0001,0
1,0,0.00049178,0,1,0,-0.00049178,0,1,0.00041188,0,1.0001,0
1,0,0.00053851,0,1,0,-0.00053851,0,1,0.00045103,0,1.0001,0
1,0,0.00058806,0,1,0,-0.00058806,0,1,0.00049253,0,1.0001,0
1,0,0.0006405,0,1,0,-0.0006405,0,1,0.00053645,0,1.0001,0
1,0,0.00069591,0,1,0,-0.00069591,0,1,0.00058287,0,1.0001,0
1,0,0.00075437,0,1,0,-0.00075437,0,1,0.00063183,0,1.0001,0
1,0,0.00081594,0,1,0,-0.00081594,0,1,0.00068341,0,1.0001,0
1,0,0.00088071,0,1,0,-0.00088071,0,1,0.00073766,0,1.0001,0
1,0,0.00094874,0,1,0,-0.00094874,0,1,0.00079464,0,1.0002,0
1,0,0.0010201,0,1,0,-0.0010201,0,1,0.00085443,0,1.0002,0
1,0,0.0010949,0,1,0,-0.0010949,0,1,0.00091707,0,1.0002,0
1,0,0.0011732,0,1,0,-0.0011732,0,1,0.00098264,0,1.0002,0
1,0,0.001255,0,1,0,-0.001255,0,1,0.0010512,0,1.0002,0
1,0,0.0013404,0,1,0,-0.0013404,0,1,0.0011228,0,1.0002,0
1,0,0.0014296,0,1,0,-0.0014296,0,1,0.0011974,0,1.0002,0
1,0,0.0015225,0,1,0,-0.0015225,0,1,0.0012753,0,1.0002,0
1,0,0.0016192,0,1,0,-0.0016192,0,1,0.0013563,0,1.0003,0
1,0,0.0017199,0,1,0,-0.0017199,0,1,0.0014406,0,1.0003,0
1,0,0.0018245,0,1,0,-0.0018245,0,1,0.0015283,0,1.0003,0
1,0,0.0019332,0,1,0,-0.0019332,0,1,0.0016193,0,1.0003,0
1,0,0.0020459,0,1,0,-0.0020459,0,1,0.0017138,0,1.0003,0
1,0,0.0021629,0,1,0,-0.0021629,0,1,0.0018118,0,1.0003,0
1,0,0.0022841,0,1,0,-0.0022841,0,1,0.0019133,0,1.0004,0
1,0,0.0024096,0,1,0,-0.0024096,0,1,0.0020185,0,1.0004,0
1,0,0.0025394,0,1,0,-0.0025394,0,1,0.0021273,0,1.0004,0
1,0,0.0026737,0,1,0,-0.0026737,0,1,0.0022398,0,1.0004,0
1,0,0.0028125,0,1,0,-0.0028125,0,1,0.0023561,0,1.0005,0
1,0,0.0029559,0,1,0,-0.0029559,0,1,0.0024763,0,1.0005,0
1,0,0.0031039,0,1,0,-0.0031039,0,1,0.0026003,0,1.0005,0
0.99999,0,0.0032566,0,1,0,-0.0032566,0,0.99999,0.0027282,0,1.0005,0
0.99999,0,0.003414,0,1,0,-0.003414,0,0.99999,0.0028602,0,1.0005,0
0.99999,0,0.0035763,0,1,0,-0.0035763,0,0.99999,0.0029962,0,1.0006,0
0.99999,0,0.0037434,0,1,0,-0.0037434,0,0.99999,0.0031362,0,1.0006,0
0.99999,0,0.0039155,0,1,0,-0.0039155,0,0.99999,0.0032804,0,1.0006,0
0.99999,0,0.0040925,0,1,0,-0.0040925,0,0.99999,0.0034289,0,1.0007,0
0.99999,0,0.0042746,0,1,0,-0.0042746,0,0.99999,0.0035815,0,1.0007,0
0.99999,0,0.0044619,0,1,0,-0.0044619,0,0.99999,0.0037384,0,1.0007,0
0.99999,0,0.0046543,0,1,0,-0.0046543,0,0.99999,0.0038997,0,1.0007,0
0.99999,0,0.0048519,0,1,0,-0.0048519,0,0.99999,0.0040654,0,1.0008,0
0.99999,0,0.0050549,0,1,0,-0.0050549,0,0.99999,0.0042355,0,1.0008,0
0.99999,0,0.0052632,0,1,0,-0.0052632,0,0.99999,0.0044101,0,1.0008,0
0.99999,0,0.0054768,0,1,0,-0.0054768,0,0.99999,0.0045893,0,1.0009,0
0.99998,0,0.005696,0,1,0,-0.005696,0,0.99998,0.004773,0,1.0009,0
0.99998,0,0.0059207,0,1,0,-0.0059207,0,0.99998,0.0049614,0,1.0009,0
0.99998,0,0.0061509,0,1,0,-0.0061509,0,0.99998,0.0051544,0,1.001,0
0.99998,0,0.0063868,0,1,0,-0.0063868,0,0.99998,0.0053522,0,1.001,0
0.99998,0,0.0066283,0,1,0,-0.0066283,0,0.99998,0.0055548,0,1.0011,0
0.99998,0,0.0068756,0,1,0,-0.0068756,0,0.99998,0.0057621,0,1.0011,0
0.99997,0,0.0071287,0,1,0,-0.0071287,0,0.99997,0.0059744,0,1.0011,0
0.99997,0,0.0073876,0,1,0,-0.0073876,0,0.99997,0.0061915,0,1.0012,0
0.99997,0,0.0076524,0,1,0,-0.0076524,0,0.99997,0.0064136,0,1.0012,0
0.99997,0,0.0079231,0,1,0,-0.0079231,0,0.99997,0.0066407,0,1.0013,0
0.99997,0,0.0081999,0,1,0,-0.0081999,0,0.99997,0.0068729,0,1.0013,0
0.99996,0,0.0084827,0,1,0,-0.0084827,0,0.99996,0.0071101,0,1.0013,0
0.99996,0,0.0087716,0,1,0,-0.0087716,0,0.99996,0.0073525,0,1.0014,0
0.99996,0,0.0090666,0,1,0,-0.0090666,0,0.99996,0.0076,0,1.0014,0
0.99996,0,0.0093679,0,1,0,-0.0093679,0,0.99996,0.0078527,0,1.0015,0
0.99995,0,0.0096754,0,1,0,-0.0096754,0,0.99995,0.0081108,0,1.0015,0
0.99995,0,0.0099892,0,1,0,-0.0099892,0,0.99995,0.0083741,0,1.0016,0
0.99995,0,0.010309,0,1,0,-0.010309,0,0.99995,0.0086427,0,1.0016,0
0.99994,0,0.010636,0,1,0,-0.010636,0,0.99994,0.0089167,0,1.0017,0
0.99994,0,0.010969,0,1,0,-0.010969,0,0.99994,0.0091962,0,1.0017,0
0.99994,0,0.011308,0,1,0,-0.011308,0,0.99994,0.0094811,0,1.0018,0
0.99993,0,0.011654,0,1,0,-0.011654,0,0.99993,0.0097715,0,1.0018,0
0.99993,0,0.012007,0,1,0,-0.012007,0,0.99993,0.010067,0,1.0019,0
0.99992,0,0.012366,0,1,0,-0.012366,0,0.99992,0.010369,0,1.0019,0
0.99992,0,0.012732,0,1,0,-0.012732,0,0.99992,0.010676,0,1.002,0
0.99991,0,0.013105,0,1,0,-0.013105,0,0.99991,0.010989,0,1.0021,0
0.99991,0,0.013484,0,1,0,-0.013484,0,0.99991,0.011307,0,1.0021,0
0.9999,0,0.01387,0,1,0,-0.01387,0,0.9999,0.011632,0,1.0022,0
0.9999,0,0.014263,0,1,0,-0.014263,0,0.9999,0.011962,0,1.0022,0
0.99989,0,0.014663,0,1,0,-0.014663,0,0.99989,0.012298,0,1.0023,0
0.99989,0,0.01507,0,1,0,-0.01507,0,0.99989,0.012639,0,1.0024,0
0.99988,0,0.015483,0,1,0,-0.015483,0,0.99988,0.012987,0,1.0024,0
0.99987,0,0.015904,0,1,0,-0.015904,0,0.99987,0.01334,0,1.0025,0
0.99987,0,0.016332,0,1,0,-0.016332,0,0.99987,0.0137,0,1.0025,0
0.99986,0,0.016767,0,1,0,-0.016767,0,0.99986,0.014065,0,1.0026,0
0.99985,0,0.017209,0,1,0,-0.017209,0,0.99985,0.014437,0,1.0027,0
0.99984,0,0.017658,0,1,0,-0.017658,0,0.99984,0.014814,0,1.0027,0
0.99984,0,0.018115,0,1,0,-0.018115,0,0.99984,0.015198,0,1.0028,0
0.99983,0,0.018578,0,1,0,-0.018578,0,0.99983,0.015587,0,1.0029,0
0.99982,0,0.019049,0,1,0,-0.019049,0,0.99982,0.015983,0,1.0029,0
0.99981,0,0.019528,0,1,0,-0.019528,0,0.99981,0.016385,0,1.003,0
0.9998,0,0.020013,0,1,0,-0.020013,0,0.9998,0.016794,0,1.0031,0
0.99979,0,0.020506,0,1,0,-0.020506,0,0.99979,0.017208,0,1.0032,0
0.99978,0,0.021007,0,1,0,-0.021007,0,0.99978,0.017629,0,1.0032,0
0.99977,0,0.021515,0,1,0,-0.021515,0,0.99977,0.018056,0,1.0033,0
0.99976,0,0.02203,0,1,0,-0.02203,0,0.99976,0.01849,0,1.0034,0
0.99975,0,0.022553,0,1,0,-0.022553,0,0.99975,0.01893,0,1.0035,0
0.99973,0,0.023084,0,1,0,-0.023084,0,0.99973,0.019376,0,1.0035,0
0.99972,0,0.023622,0,1,0,-0.023622,0,0.99972,0.019829,0,1.0036,0
0.99971,0,0.024168,0,1,0,-0.024168,0,0.99971,0.020288,0,1.0037,0
0.99969,0,0.024721,0,1,0,-0.024721,0,0.99969,0.020754,0,1.0038,0
0.99968,0,0.025283,0,1,0,-0.025283,0,0.99968,0.021226,0,1.0038,0
0.99967,0,0.025852,0,1,0,-0.025852,0,0.99967,0.021705,0,1.0039,0
0.99965,0,0.026428,0,1,0,-0.026428,0,0.99965,0.022191,0,1.004,0
0.99964,0,0.027013,0,1,0,-0.027013,0,0.99964,0.022683,0,1.0041,0
0.99962,0,0.027605,0,1,0,-0.027605,0,0.99962,0.023181,0,1.0042,0
0.9996,0,0.028206,0,1,0,-0.028206,0,0.9996,0.023687,0,1.0043,0
0.99958,0,0.028814,0,1,0,-0.028814,0,0.99958,0.024199,0,1.0043,0
0.99957,0,0.02943,0,1,0,-0.02943,0,0.99957,0.024718,0,1.0044,0
0.99955,0,0.030054,0,1,0,-0.030054,0,0.99955,0.025243,0,1.0045,0
0.99953,0,0.030686,0,1,0,-0.030686,0,0.99953,0.025776,0,1.0046,0
0.99951,0,0.031326,0,1,0,-0.031326,0,0.99951,0.026315,0,1.0047,0
0.99949,0,0.031974,0,1,0,-0.031974,0,0.99949,0.026861,0,1.0048,0
0.99947,0,0.03263,0,1,0,-0.03263,0,0.99947,0.027414,0,1.0049,0
0.99945,0,0.033294,0,1,0,-0.033294,0,0.99945,0.027974,0,1.0049,0
0.99942,0,0.033966,0,1,0,-0.033966,0,0.99942,0.028541,0,1.005,0
0.9994,0,0.034647,0,1,0,-0.034647,0,0.9994,0.029114,0,1.0051,0
0.99938,0,0.035335,0,1,0,-0.035335,0,0.99938,0.029695,0,1.0052,0
0.99935,0,0.036032,0,1,0,-0.036032,0,0.99935,0.030283,0,1.0053,0
0.99932,0,0.036737,0,1,0,-0.036737,0,0.99932,0.030877,0,1.0054,0
0.9993,0,0.037451,0,1,0,-0.037451,0,0.9993,0.031479,0,1.0055,0
0.99927,0,0.038172,0,1,0,-0.038172,0,0.99927,0.032088,0,1.0056,0
0.99924,0,0.038902,0,1,0,-0.038902,0,0.99924,0.032703,0,1.0057,0
0.99921,0,0.03964,0,1,0,-0.03964,0,0.99921,0.033326,0,1.0058,0
0.99918,0,0.040387,0,1,0,-0.040387,0,0.99918,0.033956,0,1.0059,0
0.99915,0,0.041141,0,1,0,-0.041141,0,0.99915,0.034594,0,1.006,0
0.99912,0,0.041905,0,1,0,-0.041905,0,0.99912,0.035238,0,1.0061,0
0.99909,0,0.042676,0,1,0,-0.042676,0,0.99909,0.035889,0,1.0062,0
0.99906,0,0.043456,0,1,0,-0.043456,0,0.99906,0.036548,0,1.0063,0
0.99902,0,0.044245,0,1,0,-0.044245,0,0.99902,0.037214,0,1.0064,0
0.99899,0,0.045042,0,1,0,-0.045042,0,0.99899,0.037887,0,1.0065,0
0.99895,0,0.045847,0,1,0,-0.045847,0,0.99895,0.038568,0,1.0066,0
0.99891,0,0.046661,0,1,0,-0.046661,0,0.99891,0.039256,0,1.0067,0
0.99887,0,0.047484,0,1,0,-0.047484,0,0.99887,0.039951,0,1.0068,0
0.99883,0,0.048314,0,1,0,-0.048314,0,0.99883,0.040653,0,1.0069,0
0.99879,0,0.049154,0,1,0,-0.049154,0,0.99879,0.041363,0,1.007,0
0.99875,0,0.050002,0,1,0,-0.050002,0,0.99875,0.04208,0,1.0071,0
0.99871,0,0.050859,0,1,0,-0.050859,0,0.99871,0.042805,0,1.0072,0
0.99866,0,0.051724,0,1,0,-0.051724,0,0.99866,0.043536,0,1.0073,0
0.99862,0,0.052598,0,1,0,-0.052598,0,0.99862,0.044276,0,1.0074,0
0.99857,0,0.05348,0,1,0,-0.05348,0,0.99857,0.045022,0,1.0075,0
0.99852,0,0.054372,0,1,0,-0.054372,0,0.99852,0.045777,0,1.0076,0
0.99847,0,0.055272,0,1,0,-0.055272,0,0.99847,0.046538,0,1.0077,0
0.99842,0,0.05618,0,1,0,-0.05618,0,0.99842,0.047307,0,1.0078,0
0.99837,0,0.057097,0,1,0,-0.057097,0,0.99837,0.048084,0,1.0079,0
0.99832,0,0.058023,0,1,0,-0.058023,0,0.99832,0.048868,0,1.008,0
0.99826,0,0.058958,0,1,0,-0.058958,0,0.99826,0.04966,0,1.0081,0
0.9982,0,0.059901,0,1,0,-0.059901,0,0.9982,0.050459,0,1.0082,0
0.99815,0,0.060853,0,1,0,-0.060853,0,0.99815,0.051266,0,1.0083,0
0.99809,0,0.061814,0,1,0,-0.061814,0,0.99809,0.05208,0,1.0084,0
0.99803,0,0.062784,0,1,0,-0.062784,0,0.99803,0.052902,0,1.0086,0
0.99797,0,0.063762,0,1,0,-0.063762,0,0.99797,0.053731,0,1.0087,0
0.9979,0,0.064749,0,1,0,-0.064749,0,0.9979,0.054569,0,1.0088,0
0.99784,0,0.065745,0,1,0,-0.065745,0,0.99784,0.055413,0,1.0089,0
0.99777,0,0.06675,0,1,0,-0.06675,0,0.99777,0.056266,0,1.009,0
0.9977,0,0.067764,0,1,0,-0.067764,0,0.9977,0.057126,0,1.0091,0
0.99763,0,0.068786,0,1,0,-0.068786,0,0.99763,0.057993,0,1.0092,0
0.99756,0,0.069817,0,1,0,-0.069817,0,0.99756,0.058869,0,1.0093,0
0.99749,0,0.070857,0,1,0,-0.070857,0,0.99749,0.059752,0,1.0094,0
0.99741,0,0.071906,0,1,0,-0.071906,0,0.99741,0.060642,0,1.0095,0
0.99733,0,0.072964,0,1,0,-0.072964,0,0.99733,0.061541,0,1.0096,0
0.99726,0,0.074031,0,1,0,-0.074031,0,0.99726,0.062447,0,1.0097,0
0.99718,0,0.075106,0,1,0,-0.075106,0,0.99718,0.06336,0,1.0098,0
0.99709,0,0.076191,0,1,0,-0.076191,0,0.99709,0.064282,0,1.0099,0
0.99701,0,0.077284,0,1,0,-0.077284,0,0.99701,0.065211,0,1.0101,0
0.99692,0,0.078386,0,1,0,-0.078386,0,0.99692,0.066148,0,1.0102,0
0.99684,0,0.079497,0,1,0,-0.079497,0,0.99684,0.067093,0,1.0103,0
0.99675,0,0.080617,0,1,0,-0.080617,0,0.99675,0.068045,0,1.0104,0
0.99665,0,0.081746,0,1,0,-0.081746,0,0.99665,0.069006,0,1.0105,0
0.99656,0,0.082883,0,1,0,-0.082883,0,0.99656,0.069974,0,1.0106,0
0.99646,0,0.08403,0,1,0,-0.08403,0,0.99646,0.07095,0,1.0107,0
0.99637,0,0.085185,0,1,0,-0.085185,0,0.99637,0.071933,0,1.0108,0
0.99626,0,0.086349,0,1,0,-0.086349,0,0.99626,0.072925,0,1.0109,0
0.99616,0,0.087523,0,1,0,-0.087523,0,0.99616,0.073924,0,1.011,0
0.99606,0,0.088705,0,1,0,-0.088705,0,0.99606,0.074931,0,1.0111,0
0.99595,0,0.089896,0,1,0,-0.089896,0,0.99595,0.075946,0,1.0112,0
0.99584,0,0.091096,0,1,0,-0.091096,0,0.99584,0.076968,0,1.0113,0
0.99573,0,0.092305,0,1,0,-0.092305,0,0.99573,0.077999,0,1.0114,0
0.99562,0,0.093522,0,1,0,-0.093522,0,0.99562,0.079037,0,1.0115,0
0.9955,0,0.094749,0,1,0,-0.094749,0,0.9955,0.080083,0,1.0116,0
0.99538,0,0.095984,0,1,0,-0.095984,0,0.99538,0.081137,0,1.0117,0
0.99526,0,0.097229,0,1,0,-0.097229,0,0.99526,0.082199,0,1.0118,0
0.99514,0,0.098482,0,1,0,-0.098482,0,0.99514,0.083269,0,1.0119,0
0.99501,0,0.099744,0,1,0,-0.099744,0,0.99501,0.084346,0,1.012,0
0.99488,0,0.10102,0,1,0,-0.10102,0,0.99488,0.085431,0,1.0121,0
0.99475,0,0.1023,0,1,0,-0.1023,0,0.99475,0.086525,0,1.0122,0
0.99462,0,0.10358,0,1,0,-0.10358,0,0.99462,0.087626,0,1.0123,0
0.99448,0,0.10488,0,1,0,-0.10488,0,0.99448,0.088734,0,1.0124,0
0.99435,0,0.10619,0,1,0,-0.10619,0,0.99435,0.089851,0,1.0125,0
0.9942,0,0.1075,0,1,0,-0.1075,0,0.9942,0.090976,0,1.0126,0
0.99406,0,0.10883,0,1,0,-0.10883,0,0.99406,0.092108,0,1.0127,0
0.99391,0,0.11016,0,1,0,-0.11016,0,0.99391,0.093248,0,1.0128,0
0.99376,0,0.1115,0,1,0,-0.1115,0,0.99376,0.094396,0,1.0129,0
0.99361,0,0.11285,0,1,0,-0.11285,0,0.99361,0.095552,0,1.013,0
0.99346,0,0.11421,0,1,0,-0.11421,0,0.99346,0.096716,0,1.0131,0
0.9933,0,0.11558,0,1,0,-0.11558,0,0.9933,0.097888,0,1.0132,0
0.99314,0,0.11696,0,1,0,-0.11696,0,0.99314,0.099067,0,1.0133,0
0.99297,0,0.11834,0,1,0,-0.11834,0,0.99297,0.10025,0,1.0133,0
0.99281,0,0.11974,0,1,0,-0.11974,0,0.99281,0.10145,0,1.0134,0
0.99264,0,0.12114,0,1,0,-0.12114,0,0.99264,0.10265,0,1.0135,0
0.99246,0,0.12255,0,1,0,-0.12255,0,0.99246,0.10386,0,1.0136,0
0.99229,0,0.12397,0,1,0,-0.12397,0,0.99229,0.10508,0,1.0137,0
0.99211,0,0.1254,0,1,0,-0.1254,0,0.99211,0.10631,0,1.0138,0
0.99192,0,0.12684,0,1,0,-0.12684,0,0.99192,0.10754,0,1.0138,0
0.99174,0,0.12829,0,1,0,-0.12829,0,0.99174,0.10879,0,1.0139,0
0.99155,0,0.12975,0,1,0,-0.12975,0,0.99155,0.11004,0,1.014,0
0.99135,0,0.13121,0,1,0,-0.13121,0,0.99135,0.11129,0,1.0141,0
0.99116,0,0.13268,0,1,0,-0.13268,0,0.99116,0.11256,0,1.0142,0
0.99096,0,0.13416,0,1,0,-0.13416,0,0.99096,0.11383,0,1.0142,0
0.99076,0,0.13566,0,1,0,-0.13566,0,0.99076,0.11511,0,1.0143,0
0.99055,0,0.13715,0,1,0,-0.13715,0,0.99055,0.1164,0,1.0144,0
0.99034,0,0.13866,0,1,0,-0.13866,0,0.99034,0.1177,0,1.0144,0
0.99013,0,0.14018,0,1,0,-0.14018,0,0.99013,0.119,0,1.0145,0
0.98991,0,0.1417,0,1,0,-0.1417,0,0.98991,0.12032,0,1.0146,0
0.98969,0,0.14324,0,1,0,-0.14324,0,0.98969,0.12164,0,1.0146,0
0.98946,0,0.14478,0,1,0,-0.14478,0,0.98946,0.12296,0,1.0147,0
0.98924,0,0.14633,0,1,0,-0.14633,0,0.98924,0.1243,0,1.0148,0
0.989,0,0.14789,0,1,0,-0.14789,0,0.989,0.12564,0,1.0148,0
0.98877,0,0.14945,0,1,0,-0.14945,0,0.98877,0.12699,0,1.0149,0
0.98853,0,0.15103,0,1,0,-0.15103,0,0.98853,0.12835,0,1.0149,0
0.98829,0,0.15261,0,1,0,-0.15261,0,0.98829,0.12972,0,1.015,0
0.98804,0,0.15421,0,1,0,-0.15421,0,0.98804,0.13109,0,1.015,0
0.98779,0,0.15581,0,1,0,-0.15581,0,0.98779,0.13247,0,1.0151,0
0.98753,0,0.15742,0,1,0,-0.15742,0,0.98753,0.13386,0,1.0151,0
0.98727,0,0.15904,0,1,0,-0.15904,0,0.98727,0.13526,0,1.0152,0
0.98701,0,0.16066,0,1,0,-0.16066,0,0.98701,0.13666,0,1.0152,0
0.98674,0,0.1623,0,1,0,-0.1623,0,0.98674,0.13808,0,1.0153,0
0.98647,0,0.16394,0,1,0,-0.16394,0,0.98647,0.1395,0,1.0153,0
0.98619,0,0.16559,0,1,0,-0.16559,0,0.98619,0.14092,0,1.0153,0
0.98591,0,0.16725,0,1,0,-0.16725,0,0.98591,0.14236,0,1.0154,0
0.98563,0,0.16892,0,1,0,-0.16892,0,0.98563,0.1438,0,1.0154,0
0.98534,0,0.17059,0,1,0,-0.17059,0,0.98534,0.14525,0,1.0154,0
0.98505,0,0.17228,0,1,0,-0.17228,0,0.98505,0.14671,0,1.0155,0
0.98475,0,0.17397,0,1,0,-0.17397,0,0.98475,0.14818,0,1.0155,0
0.98445,0,0.17567,0,1,0,-0.17567,0,0.98445,0.14965,0,1.0155,0
0.98414,0,0.17738,0,1,0,-0.17738,0,0.98414,0.15113,0,1.0155,0
0.98383,0,0.17909,0,1,0,-0.17909,0,0.98383,0.15262,0,1.0156,0
0.98352,0,0.18082,0,1,0,-0.18082,0,0.98352,0.15411,0,1.0156,0
0.9832,0,0.18255,0,1,0,-0.18255,0,0.9832,0.15561,0,1.0156,0
0.98287,0,0.18429,0,1,0,-0.18429,0,0.98287,0.15712,0,1.0156,0
0.98254,0,0.18604,0,1,0,-0.18604,0,0.98254,0.15864,0,1.0156,0
0.98221,0,0.18779,0,1,0,-0.18779,0,0.98221,0.16017,0,1.0156,0
0.98187,0,0.18956,0,1,0,-0.18956,0,0.98187,0.1617,0,1.0156,0
0.98153,0,0.19133,0,1,0,-0.19133,0,0.98153,0.16324,0,1.0156,0
0.98118,0,0.19311,0,1,0,-0.19311,0,0.98118,0.16479,0,1.0156,0
0.98082,0,0.19489,0,1,0,-0.19489,0,0.98082,0.16634,0,1.0156,0
0.98047,0,0.19669,0,1,0,-0.19669,0,0.98047,0.1679,0,1.0156,0
0.9801,0,0.19849,0,1,0,-0.19849,0,0.9801,0.16947,0,1.0156,0
0.97973,0,0.2003,0,1,0,-0.2003,0,0.97973,0.17105,0,1.0156,0
0.97936,0,0.20212,0,1,0,-0.20212,0,0.97936,0.17263,0,1.0156,0
0.97898,0,0.20395,0,1,0,-0.20395,0,0.97898,0.17422,0,1.0155,0
0.9786,0,0.20578,0,1,0,-0.20578,0,0.9786,0.17582,0,1.0155,0
0.97821,0,0.20762,0,1,0,-0.20762,0,0.97821,0.17742,0,1.0155,0
0.97782,0,0.20947,0,1,0,-0.20947,0,0.97782,0.17904,0,1.0155,0
0.97742,0,0.21133,0,1,0,-0.21133,0,0.97742,0.18066,0,1.0154,0
0.97701,0,0.21319,0,1,0,-0.21319,0,0.97701,0.18228,0,1.0154,0
0.9766,0,0.21506,0,1,0,-0.21506,0,0.9766,0.18392,0,1.0154,0
0.97619,0,0.21694,0,1,0,-0.21694,0,0.97619,0.18556,0,1.0153,0
0.97576,0,0.21882,0,1,0,-0.21882,0,0.97576,0.1872,0,1.0153,0
0.97534,0,0.22072,0,1,0,-0.22072,0,0.97534,0.18886,0,1.0152,0
0.97491,0,0.22262,0,1,0,-0.22262,0,0.97491,0.19052,0,1.0152,0
0.97447,0,0.22452,0,1,0,-0.22452,0,0.97447,0.19219,0,1.0151,0
0.97403,0,0.22644,0,1,0,-0.22644,0,0.97403,0.19386,0,1.015,0
0.97358,0,0.22836,0,1,0,-0.22836,0,0.97358,0.19555,0,1.015,0
0.97312,0,0.23029,0,1,0,-0.23029,0,0.97312,0.19724,0,1.0149,0
0.97266,0,0.23223,0,1,0,-0.23223,0,0.97266,0.19893,0,1.0148,0
0.9722,0,0.23417,0,1,0,-0.23417,0,0.9722,0.20063,0,1.0148,0
0.97172,0,0.23612,0,1,0,-0.23612,0,0.97172,0.20234,0,1.0147,0
0.97125,0,0.23808,0,1,0,-0.23808,0,0.97125,0.20406,0,1.0146,0
0.97076,0,0.24004,0,1,0,-0.24004,0,0.97076,0.20578,0,1.0145,0
0.97027,0,0.24201,0,1,0,-0.24201,0,0.97027,0.20751,0,1.0144,0
0.96978,0,0.24399,0,1,0,-0.24399,0,0.96978,0.20925,0,1.0143,0
0.96928,0,0.24597,0,1,0,-0.24597,0,0.96928,0.21099,0,1.0142,0
0.96877,0,0.24796,0,1,0,-0.24796,0,0.96877,0.21274,0,1.0141,0
0.96826,0,0.24996,0,1,0,-0.24996,0,0.96826,0.2145,0,1.014,0
0.96774,0,0.25197,0,1,0,-0.25197,0,0.96774,0.21626,0,1.0139,0
0.96721,0,0.25398,0,1,0,-0.25398,0,0.96721,0.21803,0,1.0138,0
0.96668,0,0.25599,0,1,0,-0.25599,0,0.96668,0.21981,0,1.0137,0
0.96614,0,0.25802,0,1,0,-0.25802,0,0.96614,0.22159,0,1.0136,0
0.9656,0,0.26005,0,1,0,-0.26005,0,0.9656,0.22338,0,1.0134,0
0.96504,0,0.26209,0,1,0,-0.26209,0,0.96504,0.22518,0,1.0133,0
0.96449,0,0.26413,0,1,0,-0.26413,0,0.96449,0.22698,0,1.0132,0
0.96392,0,0.26618,0,1,0,-0.26618,0,0.96392,0.22879,0,1.013,0
0.96335,0,0.26824,0,1,0,-0.26824,0,0.96335,0.2306,0,1.0129,0
0.96278,0,0.2703,0,1,0,-0.2703,0,0.96278,0.23242,0,1.0127,0
0.96219,0,0.27237,0,1,0,-0.27237,0,0.96219,0.23425,0,1.0126,0
0.9616,0,0.27444,0,1,0,-0.27444,0,0.9616,0.23608,0,1.0124,0
0.96101,0,0.27652,0,1,0,-0.27652,0,0.96101,0.23792,0,1.0123,0
0.9604,0,0.27861,0,1,0,-0.27861,0,0.9604,0.23977,0,1.0121,0
0.9598,0,0.2807,0,1,0,-0.2807,0,0.9598,0.24162,0,1.0119,0
0.95918,0,0.2828,0,1,0,-0.2828,0,0.95918,0.24348,0,1.0118,0
0.95856,0,0.2849,0,1,0,-0.2849,0,0.95856,0.24534,0,1.0116,0
0.95793,0,0.28701,0,1,0,-0.28701,0,0.95793,0.24721,0,1.0114,0
0.95729,0,0.28913,0,1,0,-0.28913,0,0.95729,0.24909,0,1.0112,0
0.95665,0,0.29125,0,1,0,-0.29125,0,0.95665,0.25097,0,1.011,0
0.956,0,0.29338,0,1,0,-0.29338,0,0.956,0.25286,0,1.0108,0
0.95534,0,0.29551,0,1,0,-0.29551,0,0.95534,0.25475,0,1.0106,0
0.95467,0,0.29765,0,1,0,-0.29765,0,0.95467,0.25665,0,1.0104,0
0.954,0,0.2998,0,1,0,-0.2998,0,0.954,0.25855,0,1.0102,0
0.95332,0,0.30195,0,1,0,-0.30195,0,0.95332,0.26046,0,1.01,0
0.95264,0,0.3041,0,1,0,-0.3041,0,0.95264,0.26238,0,1.0098,0
0.95195,0,0.30626,0,1,0,-0.30626,0,0.95195,0.2643,0,1.0095,0
0.95125,0,0.30843,0,1,0,-0.30843,0,0.95125,0.26623,0,1.0093,0
0.95054,0,0.3106,0,1,0,-0.3106,0,0.95054,0.26816,0,1.0091,0
0.94983,0,0.31278,0,1,0,-0.31278,0,0.94983,0.2701,0,1.0088,0
0.94911,0,0.31496,0,1,0,-0.31496,0,0.94911,0.27205,0,1.0086,0
0.94838,0,0.31714,0,1,0,-0.31714,0,0.94838,0.274,0,1.0083,0
0.94764,0,0.31934,0,1,0,-0.31934,0,0.94764,0.27595,0,1.008,0
0.9469,0,0.32153,0,1,0,-0.32153,0,0.9469,0.27791,0,1.0078,0
0.94615,0,0.32373,0,1,0,-0.32373,0,0.94615,0.27988,0,1.0075,0
0.94539,0,0.32594,0,1,0,-0.32594,0,0.94539,0.28185,0,1.0072,0
0.94463,0,0.32815,0,1,0,-0.32815,0,0.94463,0.28383,0,1.0069,0
0.94385,0,0.33037,0,1,0,-0.33037,0,0.94385,0.28581,0,1.0067,0
0.94307,0,0.33259,0,1,0,-0.33259,0,0.94307,0.28779,0,1.0064,0
0.94228,0,0.33481,0,1,0,-0.33481,0,0.94228,0.28979,0,1.0061,0
0.94149,0,0.33704,0,1,0,-0.33704,0,0.94149,0.29178,0,1.0058,0
0.94069,0,0.33928,0,1,0,-0.33928,0,0.94069,0.29378,0,1.0055,0
0.93988,0,0.34152,0,1,0,-0.34152,0,0.93988,0.29579,0,1.0051,0
0.93906,0,0.34376,0,1,0,-0.34376,0,0.93906,0.2978,0,1.0048,0
0.93823,0,0.34601,0,1,0,-0.34601,0,0.93823,0.29982,0,1.0045,0
0.9374,0,0.34826,0,1,0,-0.34826,0,0.9374,0.30184,0,1.0042,0
0.93656,0,0.35052,0,1,0,-0.35052,0,0.93656,0.30387,0,1.0038,0
0.93571,0,0.35278,0,1,0,-0.35278,0,0.93571,0.3059,0,1.0035,0
0.93485,0,0.35504,0,1,0,-0.35504,0,0.93485,0.30793,0,1.0031,0
0.93399,0,0.35731,0,1,0,-0.35731,0,0.93399,0.30997,0,1.0028,0
0.93311,0,0.35958,0,1,0,-0.35958,0,0.93311,0.31202,0,1.0024,0
0.93223,0,0.36186,0,1,0,-0.36186,0,0.93223,0.31407,0,1.002,0
0.93135,0,0.36414,0,1,0,-0.36414,0,0.93135,0.31612,0,1.0017,0
0.93045,0,0.36642,0,1,0,-0.36642,0,0.93045,0.31818,0,1.0013,0
0.92955,0,0.36871,0,1,0,-0.36871,0,0.92955,0.32024,0,1.0009,0
0.92863,0,0.371,0,1,0,-0.371,0,0.92863,0.32231,0,1.0005,0
0.92771,0,0.37329,0,1,0,-0.37329,0,0.92771,0.32438,0,1.0001,0
0.92679,0,0.37559,0,1,0,-0.37559,0,0.92679,0.32645,0,0.99972,0
0.92585,0,0.37789,0,1,0,-0.37789,0,0.92585,0.32853,0,0.99931,0
0.92491,0,0.3802,0,1,0,-0.3802,0,0.92491,0.33062,0,0.99889,0
0.92395,0,0.38251,0,1,0,-0.38251,0,0.92395,0.33271,0,0.99847,0
0.92299,0,0.38482,0,1,0,-0.38482,0,0.92299,0.3348,0,0.99804,0
0.92202,0,0.38713,0,1,0,-0.38713,0,0.92202,0.33689,0,0.9976,0
0.92105,0,0.38945,0,1,0,-0.38945,0,0.92105,0.33899,0,0.99716,0
0.92006,0,0.39177,0,1,0,-0.39177,0,0.92006,0.3411,0,0.99672,0
0.91907,0,0.3941,0,1,0,-0.3941,0,0.91907,0.34321,0,0.99626,0
0.91807,0,0.39642,0,1,0,-0.39642,0,0.91807,0.34532,0,0.9958,0
0.91706,0,0.39875,0,1,0,-0.39875,0,0.91706,0.34743,0,0.99533,0
0.91604,0,0.40108,0,1,0,-0.40108,0,0.91604,0.34955,0,0.99486,0
0.91501,0,0.40342,0,1,0,-0.40342,0,0.91501,0.35167,0,0.99438,0
0.91398,0,0.40576,0,1,0,-0.40576,0,0.91398,0.3538,0,0.99389,0
0.91294,0,0.4081,0,1,0,-0.4081,0,0.91294,0.35593,0,0.9934,0
0.91189,0,0.41044,0,1,0,-0.41044,0,0.91189,0.35806,0,0.9929,0
0.91083,0,0.41279,0,1,0,-0.41279,0,0.91083,0.3602,0,0.9924,0
0.90976,0,0.41514,0,1,0,-0.41514,0,0.90976,0.36234,0,0.99188,0
0.90868,0,0.41749,0,1,0,-0.41749,0,0.90868,0.36448,0,0.99136,0
0.9076,0,0.41984,0,1,0,-0.41984,0,0.9076,0.36663,0,0.99084,0
0.90651,0,0.42219,0,1,0,-0.42219,0,0.90651,0.36878,0,0.99031,0
0.9054,0,0.42455,0,1,0,-0.42455,0,0.9054,0.37093,0,0.98977,0
0.90429,0,0.42691,0,1,0,-0.42691,0,0.90429,0.37309,0,0.98922,0
0.90318,0,0.42927,0,1,0,-0.42927,0,0.90318,0.37525,0,0.98867,0
0.90205,0,0.43163,0,1,0,-0.43163,0,0.90205,0.37741,0,0.98811,0
0.90091,0,0.434,0,1,0,-0.434,0,0.90091,0.37957,0,0.98754,0
0.89977,0,0.43636,0,1,0,-0.43636,0,0.89977,0.38174,0,0.98697,0
0.89862,0,0.43873,0,1,0,-0.43873,0,0.89862,0.38391,0,0.98639,0
0.89746,0,0.4411,0,1,0,-0.4411,0,0.89746,0.38609,0,0.9858,0
0.89629,0,0.44347,0,1,0,-0.44347,0,0.89629,0.38826,0,0.98521,0
0.89511,0,0.44585,0,1,0,-0.44585,0,0.89511,0.39044,0,0.9846,0
0.89392,0,0.44822,0,1,0,-0.44822,0,0.89392,0.39262,0,0.984,0
0.89273,0,0.45059,0,1,0,-0.45059,0,0.89273,0.3948,0,0.98338,0
0.89152,0,0.45297,0,1,0,-0.45297,0,0.89152,0.39699,0,0.98276,0
0.89031,0,0.45535,0,1,0,-0.45535,0,0.89031,0.39918,0,0.98213,0
0.88909,0,0.45773,0,1,0,-0.45773,0,0.88909,0.40137,0,0.9815,0
0.88786,0,0.46011,0,1,0,-0.46011,0,0.88786,0.40356,0,0.98085,0
0.88662,0,0.46249,0,1,0,-0.46249,0,0.88662,0.40576,0,0.9802,0
0.88538,0,0.46487,0,1,0,-0.46487,0,0.88538,0.40796,0,0.97955,0
0.88412,0,0.46726,0,1,0,-0.46726,0,0.88412,0.41016,0,0.97888,0
0.88286,0,0.46964,0,1,0,-0.46964,0,0.88286,0.41236,0,0.97821,0
0.88159,0,0.47202,0,1,0,-0.47202,0,0.88159,0.41456,0,0.97753,0
0.8803,0,0.47441,0,1,0,-0.47441,0,0.8803,0.41677,0,0.97685,0
0.87901,0,0.47679,0,1,0,-0.47679,0,0.87901,0.41898,0,0.97615,0
0.87772,0,0.47918,0,1,0,-0.47918,0,0.87772,0.42118,0,0.97545,0
0.87641,0,0.48157,0,1,0,-0.48157,0,0.87641,0.4234,0,0.97475,0
0.87509,0,0.48395,0,1,0,-0.48395,0,0.87509,0.42561,0,0.97403,0
0.87377,0,0.48634,0,1,0,-0.48634,0,0.87377,0.42782,0,0.97331,0
0.87244,0,0.48873,0,1,0,-0.48873,0,0.87244,0.43004,0,0.97258,0
0.87109,0,0.49112,0,1,0,-0.49112,0,0.87109,0.43226,0,0.97185,0
0.86974,0,0.4935,0,1,0,-0.4935,0,0.86974,0.43448,0,0.9711,0
0.86838,0,0.49589,0,1,0,-0.49589,0,0.86838,0.4367,0,0.97035,0
0.86702,0,0.49828,0,1,0,-0.49828,0,0.86702,0.43892,0,0.9696,0
0.86564,0,0.50067,0,1,0,-0.50067,0,0.86564,0.44114,0,0.96883,0
0.86426,0,0.50305,0,1,0,-0.50305,0,0.86426,0.44337,0,0.96806,0
0.86286,0,0.50544,0,1,0,-0.50544,0,0.86286,0.44559,0,0.96728,0
0.86146,0,0.50783,0,1,0,-0.50783,0,0.86146,0.44782,0,0.96649,0
0.86005,0,0.51021,0,1,0,-0.51021,0,0.86005,0.45005,0,0.9657,0
0.85863,0,0.5126,0,1,0,-0.5126,0,0.85863,0.45227,0,0.9649,0
0.8572,0,0.51498,0,1,0,-0.51498,0,0.8572,0.4545,0,0.96409,0
0.85576,0,0.51737,0,1,0,-0.51737,0,0.85576,0.45673,0,0.96327,0
0.85432,0,0.51975,0,1,0,-0.51975,0,0.85432,0.45896,0,0.96245,0
0.85286,0,0.52213,0,1,0,-0.52213,0,0.85286,0.4612,0,0.96162,0
0.8514,0,0.52452,0,1,0,-0.52452,0,0.8514,0.46343,0,0.96078,0
0.84993,0,0.5269,0,1,0,-0.5269,0,0.84993,0.46566,0,0.95994,0
0.84845,0,0.52928,0,1,0,-0.52928,0,0.84845,0.4679,0,0.95908,0
0.84696,0,0.53166,0,1,0,-0.53166,0,0.84696,0.47013,0,0.95822,0
0.84546,0,0.53403,0,1,0,-0.53403,0,0.84546,0.47236,0,0.95736,0
0.84396,0,0.53641,0,1,0,-0.53641,0,0.84396,0.4746,0,0.95648,0
0.84244,0,0.53878,0,1,0,-0.53878,0,0.84244,0.47683,0,0.9556,0
0.84092,0,0.54116,0,1,0,-0.54116,0,0.84092,0.47907,0,0.95471,0
0.83939,0,0.54353,0,1,0,-0.54353,0,0.83939,0.48131,0,0.95381,0
0.83785,0,0.5459,0,1,0,-0.5459,0,0.83785,0.48354,0,0.95291,0
0.8363,0,0.54827,0,1,0,-0.54827,0,0.8363,0.48578,0,0.952,0
0.83474,0,0.55064,0,1,0,-0.55064,0,0.83474,0.48801,0,0.95108,0
0.83318,0,0.553,0,1,0,-0.553,0,0.83318,0.49025,0,0.95015,0
0.83161,0,0.55537,0,1,0,-0.55537,0,0.83161,0.49248,0,0.94922,0
0.83002,0,0.55773,0,1,0,-0.55773,0,0.83002,0.49472,0,0.94828,0
0.82843,0,0.56009,0,1,0,-0.56009,0,0.82843,0.49695,0,0.94733,0
0.82683,0,0.56245,0,1,0,-0.56245,0,0.82683,0.49919,0,0.94637,0
0.82523,0,0.5648,0,1,0,-0.5648,0,0.82523,0.50142,0,0.94541,0
0.82361,0,0.56716,0,1,0,-0.56716,0,0.82361,0.50366,0,0.94444,0
0.82199,0,0.56951,0,1,0,-0.56951,0,0.82199,0.50589,0,0.94346,0
0.82035,0,0.57186,0,1,0,-0.57186,0,0.82035,0.50812,0,0.94247,0
0.81871,0,0.57421,0,1,0,-0.57421,0,0.81871,0.51036,0,0.94148,0
0.81706,0,0.57655,0,1,0,-0.57655,0,0.81706,0.51259,0,0.94048,0
0.8154,0,0.57889,0,1,0,-0.57889,0,0.8154,0.51482,0,0.93947,0
0.81374,0,0.58123,0,1,0,-0.58123,0,0.81374,0.51705,0,0.93846,0
0.81206,0,0.58357,0,1,0,-0.58357,0,0.81206,0.51928,0,0.93743,0
0.81038,0,0.5859,0,1,0,-0.5859,0,0.81038,0.52151,0,0.9364,0
0.80869,0,0.58823,0,1,0,-0.58823,0,0.80869,0.52373,0,0.93537,0
0.80699,0,0.59056,0,1,0,-0.59056,0,0.80699,0.52596,0,0.93432,0
0.80529,0,0.59289,0,1,0,-0.59289,0,0.80529,0.52818,0,0.93327,0
0.80357,0,0.59521,0,1,0,-0.59521,0,0.80357,0.53041,0,0.93221,0
0.80185,0,0.59753,0,1,0,-0.59753,0,0.80185,0.53263,0,0.93115,0
0.80012,0,0.59984,0,1,0,-0.59984,0,0.80012,0.53485,0,0.93007,0
0.79838,0,0.60216,0,1,0,-0.60216,0,0.79838,0.53707,0,0.92899,0
0.79663,0,0.60447,0,1,0,-0.60447,0,0.79663,0.53929,0,0.9279,0
0.79487,0,0.60677,0,1,0,-0.60677,0,0.79487,0.54151,0,0.92681,0
0.79311,0,0.60908,0,1,0,-0.60908,0,0.79311,0.54372,0,0.92571,0
0.79134,0,0.61138,0,1,0,-0.61138,0,0.79134,0.54594,0,0.9246,0
0.78956,0,0.61367,0,1,0,-0.61367,0,0.78956,0.54815,0,0.92348,0
0.78777,0,0.61596,0,1,0,-0.61596,0,0.78777,0.55036,0,0.92235,0
0.78598,0,0.61825,0,1,0,-0.61825,0,0.78598,0.55257,0,0.92122,0
0.78418,0,0.62054,0,1,0,-0.62054,0,0.78418,0.55477,0,0.92008,0
0.78237,0,0.62282,0,1,0,-0.62282,0,0.78237,0.55698,0,0.91894,0
0.78055,0,0.6251,0,1,0,-0.6251,0,0.78055,0.55918,0,0.91779,0
0.77872,0,0.62737,0,1,0,-0.62737,0,0.77872,0.56138,0,0.91663,0
0.77689,0,0.62964,0,1,0,-0.62964,0,0.77689,0.56358,0,0.91546,0
0.77505,0,0.6319,0,1,0,-0.6319,0,0.77505,0.56578,0,0.91429,0
0.7732,0,0.63417,0,1,0,-0.63417,0,0.7732,0.56797,0,0.9131,0
0.77134,0,0.63642,0,1,0,-0.63642,0,0.77134,0.57016,0,0.91192,0
0.76948,0,0.63868,0,1,0,-0.63868,0,0.76948,0.57235,0,0.91072,0
0.7676,0,0.64092,0,1,0,-0.64092,0,0.7676,0.57454,0,0.90952,0
0.76572,0,0.64317,0,1,0,-0.64317,0,0.76572,0.57672,0,0.90831,0
0.76384,0,0.64541,0,1,0,-0.64541,0,0.76384,0.57891,0,0.90709,0
0.76194,0,0.64764,0,1,0,-0.64764,0,0.76194,0.58108,0,0.90587,0
0.76004,0,0.64987,0,1,0,-0.64987,0,0.76004,0.58326,0,0.90464,0
0.75813,0,0.6521,0,1,0,-0.6521,0,0.75813,0.58544,0,0.9034,0
0.75622,0,0.65432,0,1,0,-0.65432,0,0.75622,0.58761,0,0.90216,0
0.75429,0,0.65654,0,1,0,-0.65654,0,0.75429,0.58978,0,0.90091,0
0.75236,0,0.65875,0,1,0,-0.65875,0,0.75236,0.59194,0,0.89965,0
0.75043,0,0.66095,0,1,0,-0.66095,0,0.75043,0.59411,0,0.89839,0
0.74848,0,0.66316,0,1,0,-0.66316,0,0.74848,0.59627,0,0.89712,0
0.74653,0,0.66535,0,1,0,-0.66535,0,0.74653,0.59842,0,0.89584,0
0.74457,0,0.66754,0,1,0,-0.66754,0,0.74457,0.60058,0,0.89455,0
0.7426,0,0.66973,0,1,0,-0.66973,0,0.7426,0.60273,0,0.89326,0
0.74063,0,0.67191,0,1,0,-0.67191,0,0.74063,0.60487,0,0.89196,0
0.73865,0,0.67409,0,1,0,-0.67409,0,0.73865,0.60702,0,0.89066,0
0.73666,0,0.67626,0,1,0,-0.67626,0,0.73666,0.60916,0,0.88935,0
0.73467,0,0.67843,0,1,0,-0.67843,0,0.73467,0.6113,0,0.88803,0
0.73267,0,0.68059,0,1,0,-0.68059,0,0.73267,0.61343,0,0.88671,0
0.73066,0,0.68274,0,1,0,-0.68274,0,0.73066,0.61556,0,0.88537,0
0.72865,0,0.68489,0,1,0,-0.68489,0,0.72865,0.61769,0,0.88404,0
0.72663,0,0.68703,0,1,0,-0.68703,0,0.72663,0.61981,0,0.88269,0
0.7246,0,0.68917,0,1,0,-0.68917,0,0.7246,0.62193,0,0.88134,0
0.72257,0,0.6913,0,1,0,-0.6913,0,0.72257,0.62405,0,0.87999,0
0.72053,0,0.69343,0,1,0,-0.69343,0,0.72053,0.62616,0,0.87862,0
0.71848,0,0.69555,0,1,0,-0.69555,0,0.71848,0.62827,0,0.87725,0
0.71642,0,0.69766,0,1,0,-0.69766,0,0.71642,0.63037,0,0.87588,0
0.71437,0,0.69977,0,1,0,-0.69977,0,0.71437,0.63248,0,0.87449,0
0.7123,0,0.70188,0,1,0,-0.70188,0,0.7123,0.63457,0,0.87311,0
0.71023,0,0.70397,0,1,0,-0.70397,0,0.71023,0.63667,0,0.87171,0
0.70815,0,0.70606,0,1,0,-0.70606,0,0.70815,0.63875,0,0.87031,0
0.70606,0,0.70815,0,1,0,-0.70815,0,0.70606,0.64084,0,0.8689,0
0.70397,0,0.71023,0,1,0,-0.71023,0,0.70397,0.64292,0,0.86749,0
0.70188,0,0.7123,0,1,0,-0.7123,0,0.70188,0.645,0,0.86607,0
0.69977,0,0.71437,0,1,0,-0.71437,0,0.69977,0.64707,0,0.86464,0
0.69766,0,0.71642,0,1,0,-0.71642,0,0.69766,0.64914,0,0.86321,0
0.69555,0,0.71848,0,1,0,-0.71848,0,0.69555,0.6512,0,0.86178,0
0.69343,0,0.72053,0,1,0,-0.72053,0,0.69343,0.65326,0,0.86033,0
0.6913,0,0.72257,0,1,0,-0.72257,0,0.6913,0.65531,0,0.85888,0
0.68917,0,0.7246,0,1,0,-0.7246,0,0.68917,0.65736,0,0.85743,0
0.68703,0,0.72663,0,1,0,-0.72663,0,0.68703,0.65941,0,0.85597,0
0.68489,0,0.72865,0,1,0,-0.72865,0,0.68489,0.66145,0,0.8545,0
0.68274,0,0.73066,0,1,0,-0.73066,0,0.68274,0.66348,0,0.85303,0
0.68059,0,0.73267,0,1,0,-0.73267,0,0.68059,0.66552,0,0.85155,0
0.67843,0,0.73467,0,1,0,-0.73467,0,0.67843,0.66754,0,0.85006,0
0.67626,0,0.73666,0,1,0,-0.73666,0,0.67626,0.66956,0,0.84858,0
0.67409,0,0.73865,0,1,0,-0.73865,0,0.67409,0.67158,0,0.84708,0
0.67191,0,0.74063,0,1,0,-0.74063,0,0.67191,0.67359,0,0.84558,0
0.66973,0,0.7426,0,1,0,-0.7426,0,0.66973,0.6756,0,0.84407,0
0.66754,0,0.74457,0,1,0,-0.74457,0,0.66754,0.6776,0,0.84256,0
0.66535,0,0.74653,0,1,0,-0.74653,0,0.66535,0.6796,0,0.84104,0
0.66316,0,0.74848,0,1,0,-0.74848,0,0.66316,0.68159,0,0.83952,0
0.66095,0,0.75043,0,1,0,-0.75043,0,0.66095,0.68358,0,0.83799,0
0.65875,0,0.75236,0,1,0,-0.75236,0,0.65875,0.68556,0,0.83646,0
0.65654,0,0.75429,0,1,0,-0.75429,0,0.65654,0.68753,0,0.83492,0
0.65432,0,0.75622,0,1,0,-0.75622,0,0.65432,0.68951,0,0.83338,0
0.6521,0,0.75813,0,1,0,-0.75813,0,0.6521,0.69147,0,0.83183,0
0.64987,0,0.76004,0,1,0,-0.76004,0,0.64987,0.69343,0,0.83028,0
0.64764,0,0.76194,0,1,0,-0.76194,0,0.64764,0.69539,0,0.82872,0
0.64541,0,0.76384,0,1,0,-0.76384,0,0.64541,0.69734,0,0.82715,0
0.64317,0,0.76572,0,1,0,-0.76572,0,0.64317,0.69928,0,0.82558,0
0.64092,0,0.7676,0,1,0,-0.7676,0,0.64092,0.70122,0,0.82401,0
0.63868,0,0.76948,0,1,0,-0.76948,0,0.63868,0.70315,0,0.82243,0
0.63642,0,0.77134,0,1,0,-0.77134,0,0.63642,0.70508,0,0.82085,0
0.63417,0,0.7732,0,1,0,-0.7732,0,0.63417,0.707,0,0.81926,0
0.6319,0,0.77505,0,1,0,-0.77505,0,0.6319,0.70892,0,0.81767,0
0.62964,0,0.77689,0,1,0,-0.77689,0,0.62964,0.71083,0,0.81607,0
0.62737,0,0.77872,0,1,0,-0.77872,0,0.62737,0.71273,0,0.81446,0
0.6251,0,0.78055,0,1,0,-0.78055,0,0.6251,0.71463,0,0.81286,0
0.62282,0,0.78237,0,1,0,-0.78237,0,0.62282,0.71652,0,0.81125,0
0.62054,0,0.78418,0,1,0,-0.78418,0,0.62054,0.71841,0,0.80963,0
0.61825,0,0.78598,0,1,0,-0.78598,0,0.61825,0.72029,0,0.80801,0
0.61596,0,0.78777,0,1,0,-0.78777,0,0.61596,0.72217,0,0.80638,0
0.61367,0,0.78956,0,1,0,-0.78956,0,0.61367,0.72404,0,0.80475,0
0.61138,0,0.79134,0,1,0,-0.79134,0,0.61138,0.7259,0,0.80312,0
0.60908,0,0.79311,0,1,0,-0.79311,0,0.60908,0.72776,0,0.80148,0
0.60677,0,0.79487,0,1,0,-0.79487,0,0.60677,0.72961,0,0.79984,0
0.60447,0,0.79663,0,1,0,-0.79663,0,0.60447,0.73145,0,0.79819,0
0.60216,0,0.79838,0,1,0,-0.79838,0,0.60216,0.73329,0,0.79654,0
0.59984,0,0.80012,0,1,0,-0.80012,0,0.59984,0.73512,0,0.79489,0
0.59753,0,0.80185,0,1,0,-0.80185,0,0.59753,0.73695,0,0.79323,0
0.59521,0,0.80357,0,1,0,-0.80357,0,0.59521,0.73877,0,0.79157,0
0.59289,0,0.80529,0,1,0,-0.80529,0,0.59289,0.74058,0,0.7899,0
0.59056,0,0.80699,0,1,0,-0.80699,0,0.59056,0.74239,0,0.78823,0
0.58823,0,0.80869,0,1,0,-0.80869,0,0.58823,0.74419,0,0.78656,0
0.5859,0,0.81038,0,1,0,-0.81038,0,0.5859,0.74599,0,0.78488,0
0.58357,0,0.81206,0,1,0,-0.81206,0,0.58357,0.74777,0,0.7832,0
0.58123,0,0.81374,0,1,0,-0.81374,0,0.58123,0.74956,0,0.78151,0
0.57889,0,0.8154,0,1,0,-0.8154,0,0.57889,0.75133,0,0.77983,0
0.57655,0,0.81706,0,1,0,-0.81706,0,0.57655,0.7531,0,0.77813,0
0.57421,0,0.81871,0,1,0,-0.81871,0,0.57421,0.75486,0,0.77644,0
0.57186,0,0.82035,0,1,0,-0.82035,0,0.57186,0.75662,0,0.77474,0
0.56951,0,0.82199,0,1,0,-0.82199,0,0.56951,0.75837,0,0.77304,0
0.56716,0,0.82361,0,1,0,-0.82361,0,0.56716,0.76011,0,0.77133,0
0.5648,0,0.82523,0,1,0,-0.82523,0,0.5648,0.76185,0,0.76962,0
0.56245,0,0.82683,0,1,0,-0.82683,0,0.56245,0.76357,0,0.76791,0
0.56009,0,0.82843,0,1,0,-0.82843,0,0.56009,0.7653,0,0.7662,0
0.55773,0,0.83002,0,1,0,-0.83002,0,0.55773,0.76701,0,0.76448,0
0.55537,0,0.83161,0,1,0,-0.83161,0,0.55537,0.76872,0,0.76276,0
0.553,0,0.83318,0,1,0,-0.83318,0,0.553,0.77042,0,0.76103,0
0.55064,0,0.83474,0,1,0,-0.83474,0,0.55064,0.77212,0,0.75931,0
0.54827,0,0.8363,0,1,0,-0.8363,0,0.54827,0.77381,0,0.75758,0
0.5459,0,0.83785,0,1,0,-0.83785,0,0.5459,0.77549,0,0.75584,0
0.54353,0,0.83939,0,1,0,-0.83939,0,0.54353,0.77717,0,0.75411,0
0.54116,0,0.84092,0,1,0,-0.84092,0,0.54116,0.77883,0,0.75237,0
0.53878,0,0.84244,0,1,0,-0.84244,0,0.53878,0.78049,0,0.75063,0
0.53641,0,0.84396,0,1,0,-0.84396,0,0.53641,0.78215,0,0.74889,0
0.53403,0,0.84546,0,1,0,-0.84546,0,0.53403,0.7838,0,0.74714,0
0.53166,0,0.84696,0,1,0,-0.84696,0,0.53166,0.78544,0,0.74539,0
0.52928,0,0.84845,0,1,0,-0.84845,0,0.52928,0.78707,0,0.74364,0
0.5269,0,0.84993,0,1,0,-0.84993,0,0.5269,0.7887,0,0.74189,0
0.52452,0,0.8514,0,1,0,-0.8514,0,0.52452,0.79031,0,0.74013,0
0.52213,0,0.85286,0,1,0,-0.85286,0,0.52213,0.79193,0,0.73838,0
0.51975,0,0.85432,0,1,0,-0.85432,0,0.51975,0.79353,0,0.73662,0
0.51737,0,0.85576,0,1,0,-0.85576,0,0.51737,0.79513,0,0.73486,0
0.51498,0,0.8572,0,1,0,-0.8572,0,0.51498,0.79672,0,0.73309,0
0.5126,0,0.85863,0,1,0,-0.85863,0,0.5126,0.7983,0,0.73133,0
0.51021,0,0.86005,0,1,0,-0.86005,0,0.51021,0.79988,0,0.72956,0
0.50783,0,0.86146,0,1,0,-0.86146,0,0.50783,0.80145,0,0.72779,0
0.50544,0,0.86286,0,1,0,-0.86286,0,0.50544,0.80301,0,0.72602,0
0.50305,0,0.86426,0,1,0,-0.86426,0,0.50305,0.80457,0,0.72425,0
0.50067,0,0.86564,0,1,0,-0.86564,0,0.50067,0.80612,0,0.72247,0
0.49828,0,0.86702,0,1,0,-0.86702,0,0.49828,0.80766,0,0.7207,0
0.49589,0,0.86838,0,1,0,-0.86838,0,0.49589,0.80919,0,0.71892,0
0.4935,0,0.86974,0,1,0,-0.86974,0,0.4935,0.81072,0,0.71714,0
0.49112,0,0.87109,0,1,0,-0.87109,0,0.49112,0.81223,0,0.71536,0
0.48873,0,0.87244,0,1,0,-0.87244,0,0.48873,0.81375,0,0.71358,0
0.48634,0,0.87377,0,1,0,-0.87377,0,0.48634,0.81525,0,0.7118,0
0.48395,0,0.87509,0,1,0,-0.87509,0,0.48395,0.81675,0,0.71001,0
0.48157,0,0.87641,0,1,0,-0.87641,0,0.48157,0.81824,0,0.70823,0
0.47918,0,0.87772,0,1,0,-0.87772,0,0.47918,0.81972,0,0.70644,0
0.47679,0,0.87901,0,1,0,-0.87901,0,0.47679,0.8212,0,0.70466,0
0.47441,0,0.8803,0,1,0,-0.8803,0,0.47441,0.82266,0,0.70287,0
0.47202,0,0.88159,0,1,0,-0.88159,0,0.47202,0.82412,0,0.70108,0
0.46964,0,0.88286,0,1,0,-0.88286,0,0.46964,0.82558,0,0.69929,0
0.46726,0,0.88412,0,1,0,-0.88412,0,0.46726,0.82702,0,0.6975,0
0.46487,0,0.88538,0,1,0,-0.88538,0,0.46487,0.82846,0,0.6957,0
0.46249,0,0.88662,0,1,0,-0.88662,0,0.46249,0.82989,0,0.69391,0
0.46011,0,0.88786,0,1,0,-0.88786,0,0.46011,0.83132,0,0.69212,0
0.45773,0,0.88909,0,1,0,-0.88909,0,0.45773,0.83273,0,0.69033,0
0.45535,0,0.89031,0,1,0,-0.89031,0,0.45535,0.83414,0,0.68853,0
0.45297,0,0.89152,0,1,0,-0.89152,0,0.45297,0.83554,0,0.68674,0
0.45059,0,0.89273,0,1,0,-0.89273,0,0.45059,0.83694,0,0.68494,0
0.44822,0,0.89392,0,1,0,-0.89392,0,0.44822,0.83833,0,0.68315,0
0.44585,0,0.89511,0,1,0,-0.89511,0,0.44585,0.8397,0,0.68135,0
0.44347,0,0.89629,0,1,0,-0.89629,0,0.44347,0.84108,0,0.67955,0
0.4411,0,0.89746,0,1,0,-0.89746,0,0.4411,0.84244,0,0.67776,0
0.43873,0,0.89862,0,1,0,-0.89862,0,0.43873,0.8438,0,0.67596,0
0.43636,0,0.89977,0,1,0,-0.89977,0,0.43636,0.84515,0,0.67417,0
0.434,0,0.90091,0,1,0,-0.90091,0,0.434,0.84649,0,0.67237,0
0.43163,0,0.90205,0,1,0,-0.90205,0,0.43163,0.84783,0,0.67058,0
0.42927,0,0.90318,0,1,0,-0.90318,0,0.42927,0.84915,0,0.66878,0
0.42691,0,0.90429,0,1,0,-0.90429,0,0.42691,0.85047,0,0.66698,0
0.42455,0,0.9054,0,1,0,-0.9054,0,0.42455,0.85179,0,0.66519,0
0.42219,0,0.90651,0,1,0,-0.90651,0,0.42219,0.85309,0,0.66339,0
0.41984,0,0.9076,0,1,0,-0.9076,0,0.41984,0.85439,0,0.6616,0
0.41749,0,0.90868,0,1,0,-0.90868,0,0.41749,0.85568,0,0.65981,0
0.41514,0,0.90976,0,1,0,-0.90976,0,0.41514,0.85696,0,0.65801,0
0.41279,0,0.91083,0,1,0,-0.91083,0,0.41279,0.85824,0,0.65622,0
0.41044,0,0.91189,0,1,0,-0.91189,0,0.41044,0.85951,0,0.65443,0
0.4081,0,0.91294,0,1,0,-0.91294,0,0.4081,0.86077,0,0.65264,0
0.40576,0,0.91398,0,1,0,-0.91398,0,0.40576,0.86202,0,0.65084,0
0.40342,0,0.91501,0,1,0,-0.91501,0,0.40342,0.86327,0,0.64905,0
0.40108,0,0.91604,0,1,0,-0.91604,0,0.40108,0.86451,0,0.64727,0
0.39875,0,0.91706,0,1,0,-0.91706,0,0.39875,0.86574,0,0.64548,0
0.39642,0,0.91807,0,1,0,-0.91807,0,0.39642,0.86696,0,0.64369,0
0.3941,0,0.91907,0,1,0,-0.91907,0,0.3941,0.86818,0,0.6419,0
0.39177,0,0.92006,0,1,0,-0.92006,0,0.39177,0.86939,0,0.64012,0
0.38945,0,0.92105,0,1,0,-0.92105,0,0.38945,0.87059,0,0.63834,0
0.38713,0,0.92202,0,1,0,-0.92202,0,0.38713,0.87179,0,0.63655,0
0.38482,0,0.92299,0,1,0,-0.92299,0,0.38482,0.87297,0,0.63477,0
0.38251,0,0.92395,0,1,0,-0.92395,0,0.38251,0.87415,0,0.63299,0
0.3802,0,0.92491,0,1,0,-0.92491,0,0.3802,0.87533,0,0.63121,0
0.37789,0,0.92585,0,1,0,-0.92585,0,0.37789,0.87649,0,0.62944,0
0.37559,0,0.92679,0,1,0,-0.92679,0,0.37559,0.87765,0,0.62766,0
0.37329,0,0.92771,0,1,0,-0.92771,0,0.37329,0.8788,0,0.62589,0
