1,0,0,0,1,0,0,0,1,0,0,1,0
1,0,0,0,1,0,0,0,1,1.2851e-08,0,1,0
1,0,0,0,1,0,0,0,1,1.0266e-07,0,1,0
1,0,0,0,1,0,0,0,1,3.4594e-07,0,1,0
1,0,1.5034e-06,0,1,0,-1.5034e-06,0,1,8.1878e-07,0,1,0
1,0,2.932e-06,0,1,0,-2.932e-06,0,1,1.5968e-06,0,1,0
1,0,5.0588e-06,0,1,0,-5.0588e-06,0,1,2.7551e-06,0,1,0
1,0,8.0211e-06,0,1,0,-8.0211e-06,0,1,4.3683e-06,0,1,0
1,0,1.1955e-05,0,1,0,-1.1955e-05,0,1,6.5109e-06,0,1,0
1,0,1.6996e-05,0,1,0,-1.6996e-05,0,1,9.2564e-06,0,1,0
1,0,2.3279e-05,0,1,0,-2.3279e-05,0,1,1.2678e-05,0,1,0
1,0,3.0938e-05,0,1,0,-3.0938e-05,0,1,1.6849e-05,0,1,0
1,0,4.0105e-05,0,1,0,-4.0105e-05,0,1,2.1842e-05,0,1,0
1,0,5.0913e-05,0,1,0,-5.0913e-05,0,1,2.7728e-05,0,1,0
1,0,6.3493e-05,0,1,0,-6.3493e-05,0,1,3.4579e-05,0,1,0
1,0,7.7975e-05,0,1,0,-7.7975e-05,0,1,4.2467e-05,0,1,0
1,0,9.4489e-05,0,1,0,-9.4489e-05,0,1,5.1461e-05,0,1,0
1,0,0.00011316,0,1,0,-0.00011316,0,1,6.1632e-05,0,1,0
1,0,0.00013413,0,1,0,-0.00013413,0,1,7.305e-05,0,1,0
1,0,0.00015751,0,1,0,-0.00015751,0,1,8.5784e-05,0,1.0001,0
1,0,0.00018343,0,1,0,-0.00018343,0,1,9.9903e-05,0,1.0001,0
1,0,0.00021202,0,1,0,-0.00021202,0,1,0.00011548,0,1.0001,0
1,0,0.0002434,0,1,0,-0.0002434,0,1,0.00013257,0,1.0001,0
1,0,0.0002777,0,1,0,-0.0002777,0,1,0.00015125,0,1.0001,0
1,0,0.00031504,0,1,0,-0.00031504,0,1,0.00017159,0,1.0001,0
1,0,0.00035554,0,1,0,-0.00035554,0,1,0.00019365,0,1.0001,0
1,0,0.00039932,0,1,0,-0.00039932,0,1,0.0002175,0,1.0001,0
1,0,0.00044651,0,1,0,-0.00044651,0,1,0.00024321,0,1.0002,0
1,0,0.00049722,0,1,0,-0.00049722,0,1,0.00027083,0,1.0002,0
1,0,0.00055157,0,1,0,-0.00055157,0,1,0.00030045,0,1.0002,0
1,0,0.00060969,0,1,0,-0.00060969,0,1,0.00033211,0,1.0002,0
1,0,0.00067168,0,1,0,-0.00067168,0,1,0.00036588,0,1.0002,0
1,0,0.00073767,0,1,0,-0.00073767,0,1,0.00040184,0,1.0003,0
1,0,0.00080776,0,1,0,-0.00080776,0,1,0.00044003,0,1.0003,0
1,0,0.00088209,0,1,0,-0.00088209,0,1,0.00048053,0,1.0003,0
1,0,0.00096075,0,1,0,-0.00096075,0,1,0.0005234,0,1.0003,0
1,0,0.0010439,0,1,0,-0.0010439,0,1,0.00056869,0,1.0004,0
1,0,0.0011316,0,1,0,-0.0011316,0,1,0.00061648,0,1.0004,0
1,0,0.0012239,0,1,0,-0.0012239,0,1,0.00066682,0,1.0004,0
1,0,0.0013211,0,1,0,-0.0013211,0,1,0.00071977,0,1.0005,0
1,0,0.0014231,0,1,0,-0.0014231,0,1,0.0007754,0,1.0005,0
1,0,0.0015302,0,1,0,-0.0015302,0,1,0.00083376,0,1.0006,0
1,0,0.0016423,0,1,0,-0.0016423,0,1,0.00089492,0,1.0006,0
1,0,0.0017597,0,1,0,-0.0017597,0,1,0.00095893,0,1.0006,0
1,0,0.0018825,0,1,0,-0.0018825,0,1,0.0010258,0,1.0007,0
1,0,0.0020106,0,1,0,-0.0020106,0,1,0.0010957,0,1.0007,0
1,0,0.0021444,0,1,0,-0.0021444,0,1,0.0011687,0,1.0008,0
1,0,0.0022837,0,1,0,-0.0022837,0,1,0.0012447,0,1.0008,0
1,0,0.0024288,0,1,0,-0.0024288,0,1,0.0013238,0,1.0009,0
1,0,0.0025798,0,1,0,-0.0025798,0,1,0.0014062,0,1.0009,0
1,0,0.0027368,0,1,0,-0.0027368,0,1,0.0014918,0,1.001,0
1,0,0.0028997,0,1,0,-0.0028997,0,1,0.0015807,0,1.001,0
1,0,0.0030689,0,1,0,-0.0030689,0,1,0.001673,0,1.0011,0
0.99999,0,0.0032443,0,1,0,-0.0032443,0,0.99999,0.0017688,0,1.0012,0
0.99999,0,0.0034261,0,1,0,-0.0034261,0,0.99999,0.001868,0,1.0012,0
0.99999,0,0.0036143,0,1,0,-0.0036143,0,0.99999,0.0019707,0,1.0013,0
0.99999,0,0.0038091,0,1,0,-0.0038091,0,0.99999,0.0020771,0,1.0014,0
0.99999,0,0.0040106,0,1,0,-0.0040106,0,0.99999,0.0021871,0,1.0014,0
0.99999,0,0.0042188,0,1,0,-0.0042188,0,0.99999,0.0023008,0,1.0015,0
0.99999,0,0.0044338,0,1,0,-0.0044338,0,0.99999,0.0024182,0,1.0016,0
0.99999,0,0.0046558,0,1,0,-0.0046558,0,0.99999,0.0025395,0,1.0017,0
0.99999,0,0.0048849,0,1,0,-0.0048849,0,0.99999,0.0026646,0,1.0018,0
0.99999,0,0.005121,0,1,0,-0.005121,0,0.99999,0.0027937,0,1.0018,0
0.99999,0,0.0053644,0,1,0,-0.0053644,0,0.99999,0.0029267,0,1.0019,0
0.99998,0,0.0056151,0,1,0,-0.0056151,0,0.99998,0.0030637,0,1.002,0
0.99998,0,0.0058732,0,1,0,-0.0058732,0,0.99998,0.0032048,0,1.0021,0
0.99998,0,0.0061388,0,1,0,-0.0061388,0,0.99998,0.00335,0,1.0022,0
0.99998,0,0.0064119,0,1,0,-0.0064119,0,0.99998,0.0034994,0,1.0023,0
0.99998,0,0.0066928,0,1,0,-0.0066928,0,0.99998,0.003653,0,1.0024,0
0.99998,0,0.0069814,0,1,0,-0.0069814,0,0.99998,0.0038109,0,1.0025,0
0.99997,0,0.0072779,0,1,0,-0.0072779,0,0.99997,0.0039731,0,1.0026,0
0.99997,0,0.0075823,0,1,0,-0.0075823,0,0.99997,0.0041397,0,1.0027,0
0.99997,0,0.0078947,0,1,0,-0.0078947,0,0.99997,0.0043107,0,1.0028,0
0.99997,0,0.0082152,0,1,0,-0.0082152,0,0.99997,0.0044862,0,1.0029,0
0.99996,0,0.0085439,0,1,0,-0.0085439,0,0.99996,0.0046662,0,1.0031,0
0.99996,0,0.0088809,0,1,0,-0.0088809,0,0.99996,0.0048508,0,1.0032,0
0.99996,0,0.0092263,0,1,0,-0.0092263,0,0.99996,0.00504,0,1.0033,0
0.99995,0,0.0095801,0,1,0,-0.0095801,0,0.99995,0.0052339,0,1.0034,0
0.99995,0,0.0099424,0,1,0,-0.0099424,0,0.99995,0.0054325,0,1.0036,0
0.99995,0,0.010313,0,1,0,-0.010313,0,0.99995,0.0056358,0,1.0037,0
0.99994,0,0.010693,0,1,0,-0.010693,0,0.99994,0.005844,0,1.0038,0
0.99994,0,0.011081,0,1,0,-0.011081,0,0.99994,0.006057,0,1.004,0
0.99993,0,0.011478,0,1,0,-0.011478,0,0.99993,0.006275,0,1.0041,0
0.99993,0,0.011885,0,1,0,-0.011885,0,0.99993,0.0064978,0,1.0042,0
0.99992,0,0.0123,0,1,0,-0.0123,0,0.99992,0.0067257,0,1.0044,0
0.99992,0,0.012724,0,1,0,-0.012724,0,0.99992,0.0069587,0,1.0045,0
0.99991,0,0.013157,0,1,0,-0.013157,0,0.99991,0.0071967,0,1.0047,0
0.99991,0,0.0136,0,1,0,-0.0136,0,0.99991,0.0074398,0,1.0048,0
0.9999,0,0.014052,0,1,0,-0.014052,0,0.9999,0.0076882,0,1.005,0
0.99989,0,0.014513,0,1,0,-0.014513,0,0.99989,0.0079417,0,1.0052,0
0.99989,0,0.014983,0,1,0,-0.014983,0,0.99989,0.0082005,0,1.0053,0
0.99988,0,0.015464,0,1,0,-0.015464,0,0.99988,0.0084647,0,1.0055,0
0.99987,0,0.015953,0,1,0,-0.015953,0,0.99987,0.0087342,0,1.0057,0
0.99986,0,0.016453,0,1,0,-0.016453,0,0.99986,0.0090091,0,1.0059,0
0.99986,0,0.016962,0,1,0,-0.016962,0,0.99986,0.0092894,0,1.006,0
0.99985,0,0.017481,0,1,0,-0.017481,0,0.99985,0.0095753,0,1.0062,0
0.99984,0,0.01801,0,1,0,-0.01801,0,0.99984,0.0098667,0,1.0064,0
0.99983,0,0.018549,0,1,0,-0.018549,0,0.99983,0.010164,0,1.0066,0
0.99982,0,0.019097,0,1,0,-0.019097,0,0.99982,0.010466,0,1.0068,0
0.99981,0,0.019656,0,1,0,-0.019656,0,0.99981,0.010774,0,1.007,0
0.9998,0,0.020225,0,1,0,-0.020225,0,0.9998,0.011088,0,1.0072,0
0.99978,0,0.020804,0,1,0,-0.020804,0,0.99978,0.011408,0,1.0074,0
0.99977,0,0.021394,0,1,0,-0.021394,0,0.99977,0.011734,0,1.0076,0
0.99976,0,0.021993,0,1,0,-0.021993,0,0.99976,0.012065,0,1.0078,0
0.99974,0,0.022603,0,1,0,-0.022603,0,0.99974,0.012402,0,1.008,0
0.99973,0,0.023224,0,1,0,-0.023224,0,0.99973,0.012745,0,1.0082,0
0.99972,0,0.023855,0,1,0,-0.023855,0,0.99972,0.013094,0,1.0084,0
0.9997,0,0.024497,0,1,0,-0.024497,0,0.9997,0.013449,0,1.0087,0
0.99968,0,0.025149,0,1,0,-0.025149,0,0.99968,0.01381,0,1.0089,0
0.99967,0,0.025812,0,1,0,-0.025812,0,0.99967,0.014177,0,1.0091,0
0.99965,0,0.026486,0,1,0,-0.026486,0,0.99965,0.014551,0,1.0093,0
0.99963,0,0.02717,0,1,0,-0.02717,0,0.99963,0.01493,0,1.0096,0
0.99961,0,0.027866,0,1,0,-0.027866,0,0.99961,0.015316,0,1.0098,0
0.99959,0,0.028572,0,1,0,-0.028572,0,0.99959,0.015707,0,1.0101,0
0.99957,0,0.029289,0,1,0,-0.029289,0,0.99957,0.016106,0,1.0103,0
0.99955,0,0.030017,0,1,0,-0.030017,0,0.99955,0.01651,0,1.0106,0
0.99953,0,0.030757,0,1,0,-0.030757,0,0.99953,0.016921,0,1.0108,0
0.9995,0,0.031507,0,1,0,-0.031507,0,0.9995,0.017338,0,1.0111,0
0.99948,0,0.032269,0,1,0,-0.032269,0,0.99948,0.017762,0,1.0113,0
0.99945,0,0.033042,0,1,0,-0.033042,0,0.99945,0.018192,0,1.0116,0
0.99943,0,0.033826,0,1,0,-0.033826,0,0.99943,0.018628,0,1.0119,0
0.9994,0,0.034622,0,1,0,-0.034622,0,0.9994,0.019071,0,1.0121,0
0.99937,0,0.035429,0,1,0,-0.035429,0,0.99937,0.019521,0,1.0124,0
0.99934,0,0.036248,0,1,0,-0.036248,0,0.99934,0.019977,0,1.0127,0
0.99931,0,0.037078,0,1,0,-0.037078,0,0.99931,0.02044,0,1.013,0
0.99928,0,0.037919,0,1,0,-0.037919,0,0.99928,0.02091,0,1.0133,0
0.99925,0,0.038772,0,1,0,-0.038772,0,0.99925,0.021386,0,1.0136,0
0.99921,0,0.039637,0,1,0,-0.039637,0,0.99921,0.02187,0,1.0138,0
0.99918,0,0.040513,0,1,0,-0.040513,0,0.99918,0.02236,0,1.0141,0
0.99914,0,0.041401,0,1,0,-0.041401,0,0.99914,0.022856,0,1.0144,0
0.9991,0,0.042301,0,1,0,-0.042301,0,0.9991,0.02336,0,1.0147,0
0.99907,0,0.043213,0,1,0,-0.043213,0,0.99907,0.023871,0,1.0151,0
0.99903,0,0.044137,0,1,0,-0.044137,0,0.99903,0.024388,0,1.0154,0
0.99898,0,0.045072,0,1,0,-0.045072,0,0.99898,0.024913,0,1.0157,0
0.99894,0,0.04602,0,1,0,-0.04602,0,0.99894,0.025444,0,1.016,0
0.9989,0,0.046979,0,1,0,-0.046979,0,0.9989,0.025983,0,1.0163,0
0.99885,0,0.04795,0,1,0,-0.04795,0,0.99885,0.026528,0,1.0166,0
0.9988,0,0.048934,0,1,0,-0.048934,0,0.9988,0.027081,0,1.017,0
0.99875,0,0.04993,0,1,0,-0.04993,0,0.99875,0.027641,0,1.0173,0
0.9987,0,0.050937,0,1,0,-0.050937,0,0.9987,0.028208,0,1.0176,0
0.99865,0,0.051957,0,1,0,-0.051957,0,0.99865,0.028783,0,1.018,0
0.9986,0,0.052989,0,1,0,-0.052989,0,0.9986,0.029364,0,1.0183,0
0.99854,0,0.054034,0,1,0,-0.054034,0,0.99854,0.029953,0,1.0187,0
0.99848,0,0.05509,0,1,0,-0.05509,0,0.99848,0.03055,0,1.019,0
0.99842,0,0.056159,0,1,0,-0.056159,0,0.99842,0.031153,0,1.0194,0
0.99836,0,0.057241,0,1,0,-0.057241,0,0.99836,0.031764,0,1.0197,0
0.9983,0,0.058335,0,1,0,-0.058335,0,0.9983,0.032383,0,1.0201,0
0.99823,0,0.059441,0,1,0,-0.059441,0,0.99823,0.033009,0,1.0204,0
0.99816,0,0.060559,0,1,0,-0.060559,0,0.99816,0.033642,0,1.0208,0
0.9981,0,0.06169,0,1,0,-0.06169,0,0.9981,0.034283,0,1.0212,0
0.99802,0,0.062834,0,1,0,-0.062834,0,0.99802,0.034932,0,1.0216,0
0.99795,0,0.06399,0,1,0,-0.06399,0,0.99795,0.035588,0,1.0219,0
0.99787,0,0.065159,0,1,0,-0.065159,0,0.99787,0.036251,0,1.0223,0
0.9978,0,0.06634,0,1,0,-0.06634,0,0.9978,0.036923,0,1.0227,0
0.99772,0,0.067534,0,1,0,-0.067534,0,0.99772,0.037602,0,1.0231,0
0.99763,0,0.068741,0,1,0,-0.068741,0,0.99763,0.038289,0,1.0235,0
0.99755,0,0.06996,0,1,0,-0.06996,0,0.99755,0.038983,0,1.0239,0
0.99746,0,0.071192,0,1,0,-0.071192,0,0.99746,0.039686,0,1.0243,0
0.99737,0,0.072436,0,1,0,-0.072436,0,0.99737,0.040396,0,1.0247,0
0.99728,0,0.073694,0,1,0,-0.073694,0,0.99728,0.041114,0,1.0251,0
0.99719,0,0.074964,0,1,0,-0.074964,0,0.99719,0.041839,0,1.0255,0
0.99709,0,0.076247,0,1,0,-0.076247,0,0.99709,0.042573,0,1.0259,0
0.99699,0,0.077543,0,1,0,-0.077543,0,0.99699,0.043315,0,1.0263,0
0.99689,0,0.078851,0,1,0,-0.078851,0,0.99689,0.044065,0,1.0267,0
0.99678,0,0.080173,0,1,0,-0.080173,0,0.99678,0.044822,0,1.0271,0
0.99667,0,0.081507,0,1,0,-0.081507,0,0.99667,0.045588,0,1.0275,0
0.99656,0,0.082854,0,1,0,-0.082854,0,0.99656,0.046362,0,1.028,0
0.99645,0,0.084215,0,1,0,-0.084215,0,0.99645,0.047143,0,1.0284,0
0.99633,0,0.085588,0,1,0,-0.085588,0,0.99633,0.047933,0,1.0288,0
0.99621,0,0.086974,0,1,0,-0.086974,0,0.99621,0.048731,0,1.0293,0
0.99609,0,0.088373,0,1,0,-0.088373,0,0.99609,0.049538,0,1.0297,0
0.99596,0,0.089785,0,1,0,-0.089785,0,0.99596,0.050352,0,1.0301,0
0.99583,0,0.091209,0,1,0,-0.091209,0,0.99583,0.051175,0,1.0306,0
0.9957,0,0.092647,0,1,0,-0.092647,0,0.9957,0.052006,0,1.031,0
0.99556,0,0.094098,0,1,0,-0.094098,0,0.99556,0.052845,0,1.0315,0
0.99542,0,0.095562,0,1,0,-0.095562,0,0.99542,0.053692,0,1.0319,0
0.99528,0,0.097039,0,1,0,-0.097039,0,0.99528,0.054548,0,1.0324,0
0.99513,0,0.098529,0,1,0,-0.098529,0,0.99513,0.055412,0,1.0328,0
0.99498,0,0.10003,0,1,0,-0.10003,0,0.99498,0.056285,0,1.0333,0
0.99483,0,0.10155,0,1,0,-0.10155,0,0.99483,0.057166,0,1.0338,0
0.99467,0,0.10308,0,1,0,-0.10308,0,0.99467,0.058055,0,1.0342,0
0.99451,0,0.10462,0,1,0,-0.10462,0,0.99451,0.058953,0,1.0347,0
0.99435,0,0.10617,0,1,0,-0.10617,0,0.99435,0.05986,0,1.0352,0
0.99418,0,0.10774,0,1,0,-0.10774,0,0.99418,0.060774,0,1.0356,0
0.99401,0,0.10932,0,1,0,-0.10932,0,0.99401,0.061698,0,1.0361,0
0.99383,0,0.11092,0,1,0,-0.11092,0,0.99383,0.06263,0,1.0366,0
0.99365,0,0.11253,0,1,0,-0.11253,0,0.99365,0.063571,0,1.0371,0
0.99346,0,0.11415,0,1,0,-0.11415,0,0.99346,0.06452,0,1.0376,0
0.99327,0,0.11578,0,1,0,-0.11578,0,0.99327,0.065478,0,1.038,0
0.99308,0,0.11743,0,1,0,-0.11743,0,0.99308,0.066444,0,1.0385,0
0.99288,0,0.11909,0,1,0,-0.11909,0,0.99288,0.067419,0,1.039,0
0.99268,0,0.12076,0,1,0,-0.12076,0,0.99268,0.068403,0,1.0395,0
0.99248,0,0.12245,0,1,0,-0.12245,0,0.99248,0.069396,0,1.04,0
0.99226,0,0.12415,0,1,0,-0.12415,0,0.99226,0.070398,0,1.0405,0
0.99205,0,0.12586,0,1,0,-0.12586,0,0.99205,0.071408,0,1.041,0
0.99183,0,0.12758,0,1,0,-0.12758,0,0.99183,0.072427,0,1.0415,0
0.9916,0,0.12932,0,1,0,-0.12932,0,0.9916,0.073455,0,1.042,0
0.99137,0,0.13107,0,1,0,-0.13107,0,0.99137,0.074491,0,1.0425,0
0.99114,0,0.13284,0,1,0,-0.13284,0,0.99114,0.075537,0,1.043,0
0.9909,0,0.13462,0,1,0,-0.13462,0,0.9909,0.076591,0,1.0435,0
0.99065,0,0.13641,0,1,0,-0.13641,0,0.99065,0.077655,0,1.044,0
0.9904,0,0.13821,0,1,0,-0.13821,0,0.9904,0.078727,0,1.0446,0
0.99015,0,0.14003,0,1,0,-0.14003,0,0.99015,0.079809,0,1.0451,0
0.98989,0,0.14186,0,1,0,-0.14186,0,0.98989,0.080899,0,1.0456,0
0.98962,0,0.1437,0,1,0,-0.1437,0,0.98962,0.081998,0,1.0461,0
0.98935,0,0.14555,0,1,0,-0.14555,0,0.98935,0.083106,0,1.0466,0
0.98907,0,0.14742,0,1,0,-0.14742,0,0.98907,0.084224,0,1.0472,0
0.98879,0,0.14931,0,1,0,-0.14931,0,0.98879,0.08535,0,1.0477,0
0.9885,0,0.1512,0,1,0,-0.1512,0,0.9885,0.086485,0,1.0482,0
0.98821,0,0.15311,0,1,0,-0.15311,0,0.98821,0.08763,0,1.0487,0
0.98791,0,0.15503,0,1,0,-0.15503,0,0.98791,0.088784,0,1.0493,0
0.9876,0,0.15696,0,1,0,-0.15696,0,0.9876,0.089946,0,1.0498,0
0.98729,0,0.15891,0,1,0,-0.15891,0,0.98729,0.091118,0,1.0503,0
0.98698,0,0.16087,0,1,0,-0.16087,0,0.98698,0.092299,0,1.0509,0
0.98665,0,0.16284,0,1,0,-0.16284,0,0.98665,0.09349,0,1.0514,0
0.98632,0,0.16482,0,1,0,-0.16482,0,0.98632,0.094689,0,1.0519,0
0.98599,0,0.16682,0,1,0,-0.16682,0,0.98599,0.095898,0,1.0525,0
0.98565,0,0.16883,0,1,0,-0.16883,0,0.98565,0.097116,0,1.053,0
0.9853,0,0.17085,0,1,0,-0.17085,0,0.9853,0.098343,0,1.0535,0
0.98494,0,0.17289,0,1,0,-0.17289,0,0.98494,0.099579,0,1.0541,0
0.98458,0,0.17493,0,1,0,-0.17493,0,0.98458,0.10082,0,1.0546,0
0.98421,0,0.177,0,1,0,-0.177,0,0.98421,0.10208,0,1.0552,0
0.98384,0,0.17907,0,1,0,-0.17907,0,0.98384,0.10334,0,1.0557,0
0.98345,0,0.18115,0,1,0,-0.18115,0,0.98345,0.10462,0,1.0562,0
0.98307,0,0.18325,0,1,0,-0.18325,0,0.98307,0.1059,0,1.0568,0
0.98267,0,0.18536,0,1,0,-0.18536,0,0.98267,0.10719,0,1.0573,0
0.98227,0,0.18749,0,1,0,-0.18749,0,0.98227,0.10849,0,1.0579,0
0.98186,0,0.18962,0,1,0,-0.18962,0,0.98186,0.10981,0,1.0584,0
0.98144,0,0.19177,0,1,0,-0.19177,0,0.98144,0.11113,0,1.059,0
0.98101,0,0.19393,0,1,0,-0.19393,0,0.98101,0.11246,0,1.0595,0
0.98058,0,0.1961,0,1,0,-0.1961,0,0.98058,0.11379,0,1.0601,0
0.98014,0,0.19829,0,1,0,-0.19829,0,0.98014,0.11514,0,1.0606,0
0.9797,0,0.20049,0,1,0,-0.20049,0,0.9797,0.1165,0,1.0612,0
0.97924,0,0.2027,0,1,0,-0.2027,0,0.97924,0.11787,0,1.0617,0
0.97878,0,0.20492,0,1,0,-0.20492,0,0.97878,0.11924,0,1.0623,0
0.97831,0,0.20715,0,1,0,-0.20715,0,0.97831,0.12063,0,1.0628,0
0.97783,0,0.2094,0,1,0,-0.2094,0,0.97783,0.12203,0,1.0634,0
0.97734,0,0.21166,0,1,0,-0.21166,0,0.97734,0.12343,0,1.0639,0
0.97685,0,0.21393,0,1,0,-0.21393,0,0.97685,0.12485,0,1.0644,0
0.97635,0,0.21621,0,1,0,-0.21621,0,0.97635,0.12627,0,1.065,0
0.97584,0,0.21851,0,1,0,-0.21851,0,0.97584,0.1277,0,1.0655,0
0.97532,0,0.22081,0,1,0,-0.22081,0,0.97532,0.12915,0,1.0661,0
0.97479,0,0.22313,0,1,0,-0.22313,0,0.97479,0.1306,0,1.0666,0
0.97425,0,0.22546,0,1,0,-0.22546,0,0.97425,0.13206,0,1.0672,0
0.97371,0,0.2278,0,1,0,-0.2278,0,0.97371,0.13353,0,1.0677,0
0.97315,0,0.23016,0,1,0,-0.23016,0,0.97315,0.13501,0,1.0683,0
0.97259,0,0.23252,0,1,0,-0.23252,0,0.97259,0.1365,0,1.0688,0
0.97202,0,0.2349,0,1,0,-0.2349,0,0.97202,0.138,0,1.0694,0
0.97144,0,0.23729,0,1,0,-0.23729,0,0.97144,0.13951,0,1.0699,0
0.97085,0,0.23968,0,1,0,-0.23968,0,0.97085,0.14103,0,1.0705,0
0.97025,0,0.2421,0,1,0,-0.2421,0,0.97025,0.14256,0,1.071,0
0.96964,0,0.24452,0,1,0,-0.24452,0,0.96964,0.1441,0,1.0715,0
0.96903,0,0.24695,0,1,0,-0.24695,0,0.96903,0.14565,0,1.0721,0
0.9684,0,0.2494,0,1,0,-0.2494,0,0.9684,0.14721,0,1.0726,0
0.96777,0,0.25185,0,1,0,-0.25185,0,0.96777,0.14877,0,1.0732,0
0.96712,0,0.25432,0,1,0,-0.25432,0,0.96712,0.15035,0,1.0737,0
0.96646,0,0.2568,0,1,0,-0.2568,0,0.96646,0.15193,0,1.0742,0
0.9658,0,0.25929,0,1,0,-0.25929,0,0.9658,0.15353,0,1.0748,0
0.96513,0,0.26179,0,1,0,-0.26179,0,0.96513,0.15513,0,1.0753,0
0.96444,0,0.2643,0,1,0,-0.2643,0,0.96444,0.15675,0,1.0758,0
0.96375,0,0.26682,0,1,0,-0.26682,0,0.96375,0.15837,0,1.0764,0
0.96304,0,0.26936,0,1,0,-0.26936,0,0.96304,0.16001,0,1.0769,0
0.96233,0,0.2719,0,1,0,-0.2719,0,0.96233,0.16165,0,1.0774,0
0.9616,0,0.27445,0,1,0,-0.27445,0,0.9616,0.1633,0,1.0779,0
0.96086,0,0.27702,0,1,0,-0.27702,0,0.96086,0.16496,0,1.0785,0
0.96012,0,0.27959,0,1,0,-0.27959,0,0.96012,0.16663,0,1.079,0
0.95936,0,0.28218,0,1,0,-0.28218,0,0.95936,0.16831,0,1.0795,0
0.95859,0,0.28478,0,1,0,-0.28478,0,0.95859,0.17001,0,1.08,0
0.95782,0,0.28738,0,1,0,-0.28738,0,0.95782,0.1717,0,1.0805,0
0.95703,0,0.29,0,1,0,-0.29,0,0.95703,0.17341,0,1.0811,0
0.95623,0,0.29263,0,1,0,-0.29263,0,0.95623,0.17513,0,1.0816,0
0.95542,0,0.29526,0,1,0,-0.29526,0,0.95542,0.17686,0,1.0821,0
0.95459,0,0.29791,0,1,0,-0.29791,0,0.95459,0.1786,0,1.0826,0
0.95376,0,0.30057,0,1,0,-0.30057,0,0.95376,0.18035,0,1.0831,0
0.95292,0,0.30323,0,1,0,-0.30323,0,0.95292,0.1821,0,1.0836,0
0.95206,0,0.30591,0,1,0,-0.30591,0,0.95206,0.18387,0,1.0841,0
0.95119,0,0.30859,0,1,0,-0.30859,0,0.95119,0.18564,0,1.0846,0
0.95032,0,0.31129,0,1,0,-0.31129,0,0.95032,0.18743,0,1.0851,0
0.94942,0,0.31399,0,1,0,-0.31399,0,0.94942,0.18922,0,1.0856,0
0.94852,0,0.31671,0,1,0,-0.31671,0,0.94852,0.19102,0,1.086,0
0.94761,0,0.31943,0,1,0,-0.31943,0,0.94761,0.19284,0,1.0865,0
0.94668,0,0.32217,0,1,0,-0.32217,0,0.94668,0.19466,0,1.087,0
0.94575,0,0.32491,0,1,0,-0.32491,0,0.94575,0.19649,0,1.0875,0
0.9448,0,0.32766,0,1,0,-0.32766,0,0.9448,0.19833,0,1.088,0
0.94383,0,0.33042,0,1,0,-0.33042,0,0.94383,0.20018,0,1.0884,0
0.94286,0,0.33319,0,1,0,-0.33319,0,0.94286,0.20204,0,1.0889,0
0.94187,0,0.33597,0,1,0,-0.33597,0,0.94187,0.20391,0,1.0894,0
0.94088,0,0.33875,0,1,0,-0.33875,0,0.94088,0.20578,0,1.0898,0
0.93986,0,0.34155,0,1,0,-0.34155,0,0.93986,0.20767,0,1.0903,0
0.93884,0,0.34435,0,1,0,-0.34435,0,0.93884,0.20957,0,1.0907,0
0.9378,0,0.34716,0,1,0,-0.34716,0,0.9378,0.21147,0,1.0912,0
0.93676,0,0.34999,0,1,0,-0.34999,0,0.93676,0.21339,0,1.0916,0
0.93569,0,0.35281,0,1,0,-0.35281,0,0.93569,0.21531,0,1.0921,0
0.93462,0,0.35565,0,1,0,-0.35565,0,0.93462,0.21724,0,1.0925,0
0.93353,0,0.3585,0,1,0,-0.3585,0,0.93353,0.21918,0,1.0929,0
0.93243,0,0.36135,0,1,0,-0.36135,0,0.93243,0.22113,0,1.0934,0
0.93132,0,0.36421,0,1,0,-0.36421,0,0.93132,0.22309,0,1.0938,0
0.93019,0,0.36708,0,1,0,-0.36708,0,0.93019,0.22506,0,1.0942,0
0.92905,0,0.36996,0,1,0,-0.36996,0,0.92905,0.22704,0,1.0946,0
0.9279,0,0.37284,0,1,0,-0.37284,0,0.9279,0.22902,0,1.095,0
0.92673,0,0.37573,0,1,0,-0.37573,0,0.92673,0.23102,0,1.0954,0
0.92555,0,0.37863,0,1,0,-0.37863,0,0.92555,0.23302,0,1.0958,0
0.92435,0,0.38154,0,1,0,-0.38154,0,0.92435,0.23503,0,1.0962,0
0.92315,0,0.38445,0,1,0,-0.38445,0,0.92315,0.23706,0,1.0966,0
0.92193,0,0.38737,0,1,0,-0.38737,0,0.92193,0.23909,0,1.097,0
0.92069,0,0.3903,0,1,0,-0.3903,0,0.92069,0.24113,0,1.0974,0
0.91944,0,0.39323,0,1,0,-0.39323,0,0.91944,0.24317,0,1.0978,0
0.91818,0,0.39617,0,1,0,-0.39617,0,0.91818,0.24523,0,1.0981,0
0.9169,0,0.39912,0,1,0,-0.39912,0,0.9169,0.24729,0,1.0985,0
0.91561,0,0.40207,0,1,0,-0.40207,0,0.91561,0.24937,0,1.0989,0
0.9143,0,0.40503,0,1,0,-0.40503,0,0.9143,0.25145,0,1.0992,0
0.91298,0,0.408,0,1,0,-0.408,0,0.91298,0.25354,0,1.0996,0
0.91165,0,0.41097,0,1,0,-0.41097,0,0.91165,0.25564,0,1.0999,0
0.9103,0,0.41395,0,1,0,-0.41395,0,0.9103,0.25775,0,1.1003,0
0.90894,0,0.41693,0,1,0,-0.41693,0,0.90894,0.25987,0,1.1006,0
0.90756,0,0.41992,0,1,0,-0.41992,0,0.90756,0.26199,0,1.1009,0
0.90617,0,0.42292,0,1,0,-0.42292,0,0.90617,0.26412,0,1.1012,0
0.90476,0,0.42592,0,1,0,-0.42592,0,0.90476,0.26626,0,1.1015,0
0.90334,0,0.42893,0,1,0,-0.42893,0,0.90334,0.26841,0,1.1019,0
0.9019,0,0.43194,0,1,0,-0.43194,0,0.9019,0.27057,0,1.1022,0
0.90045,0,0.43496,0,1,0,-0.43496,0,0.90045,0.27274,0,1.1025,0
0.89899,0,0.43798,0,1,0,-0.43798,0,0.89899,0.27491,0,1.1027,0
0.8975,0,0.44101,0,1,0,-0.44101,0,0.8975,0.27709,0,1.103,0
0.89601,0,0.44404,0,1,0,-0.44404,0,0.89601,0.27928,0,1.1033,0
0.8945,0,0.44708,0,1,0,-0.44708,0,0.8945,0.28148,0,1.1036,0
0.89297,0,0.45012,0,1,0,-0.45012,0,0.89297,0.28369,0,1.1038,0
0.89143,0,0.45316,0,1,0,-0.45316,0,0.89143,0.2859,0,1.1041,0
0.88987,0,0.45621,0,1,0,-0.45621,0,0.88987,0.28813,0,1.1044,0
0.8883,0,0.45927,0,1,0,-0.45927,0,0.8883,0.29036,0,1.1046,0
0.88671,0,0.46233,0,1,0,-0.46233,0,0.88671,0.29259,0,1.1048,0
0.88511,0,0.46539,0,1,0,-0.46539,0,0.88511,0.29484,0,1.1051,0
0.88349,0,0.46846,0,1,0,-0.46846,0,0.88349,0.29709,0,1.1053,0
0.88185,0,0.47153,0,1,0,-0.47153,0,0.88185,0.29935,0,1.1055,0
0.8802,0,0.4746,0,1,0,-0.4746,0,0.8802,0.30162,0,1.1057,0
0.87854,0,0.47768,0,1,0,-0.47768,0,0.87854,0.3039,0,1.1059,0
0.87685,0,0.48076,0,1,0,-0.48076,0,0.87685,0.30618,0,1.1061,0
0.87516,0,0.48384,0,1,0,-0.48384,0,0.87516,0.30847,0,1.1063,0
0.87344,0,0.48693,0,1,0,-0.48693,0,0.87344,0.31077,0,1.1065,0
0.87171,0,0.49002,0,1,0,-0.49002,0,0.87171,0.31308,0,1.1066,0
0.86997,0,0.49311,0,1,0,-0.49311,0,0.86997,0.31539,0,1.1068,0
0.8682,0,0.49621,0,1,0,-0.49621,0,0.8682,0.31771,0,1.107,0
0.86643,0,0.4993,0,1,0,-0.4993,0,0.86643,0.32004,0,1.1071,0
0.86463,0,0.5024,0,1,0,-0.5024,0,0.86463,0.32237,0,1.1072,0
0.86282,0,0.50551,0,1,0,-0.50551,0,0.86282,0.32471,0,1.1074,0
0.861,0,0.50861,0,1,0,-0.50861,0,0.861,0.32706,0,1.1075,0
0.85915,0,0.51172,0,1,0,-0.51172,0,0.85915,0.32942,0,1.1076,0
0.8573,0,0.51482,0,1,0,-0.51482,0,0.8573,0.33178,0,1.1077,0
0.85542,0,0.51793,0,1,0,-0.51793,0,0.85542,0.33415,0,1.1078,0
0.85353,0,0.52105,0,1,0,-0.52105,0,0.85353,0.33652,0,1.1079,0
0.85162,0,0.52416,0,1,0,-0.52416,0,0.85162,0.33891,0,1.108,0
0.8497,0,0.52727,0,1,0,-0.52727,0,0.8497,0.3413,0,1.1081,0
0.84776,0,0.53039,0,1,0,-0.53039,0,0.84776,0.34369,0,1.1081,0
0.8458,0,0.5335,0,1,0,-0.5335,0,0.8458,0.34609,0,1.1082,0
0.84382,0,0.53662,0,1,0,-0.53662,0,0.84382,0.3485,0,1.1082,0
0.84183,0,0.53974,0,1,0,-0.53974,0,0.84183,0.35092,0,1.1083,0
0.83983,0,0.54286,0,1,0,-0.54286,0,0.83983,0.35334,0,1.1083,0
0.8378,0,0.54597,0,1,0,-0.54597,0,0.8378,0.35577,0,1.1083,0
0.83576,0,0.54909,0,1,0,-0.54909,0,0.83576,0.3582,0,1.1083,0
0.8337,0,0.55221,0,1,0,-0.55221,0,0.8337,0.36064,0,1.1083,0
0.83163,0,0.55533,0,1,0,-0.55533,0,0.83163,0.36308,0,1.1083,0
0.82954,0,0.55845,0,1,0,-0.55845,0,0.82954,0.36554,0,1.1083,0
0.82743,0,0.56157,0,1,0,-0.56157,0,0.82743,0.36799,0,1.1083,0
0.82531,0,0.56469,0,1,0,-0.56469,0,0.82531,0.37046,0,1.1083,0
0.82316,0,0.5678,0,1,0,-0.5678,0,0.82316,0.37293,0,1.1082,0
0.82101,0,0.57092,0,1,0,-0.57092,0,0.82101,0.3754,0,1.1082,0
0.81883,0,0.57404,0,1,0,-0.57404,0,0.81883,0.37788,0,1.1081,0
0.81664,0,0.57715,0,1,0,-0.57715,0,0.81664,0.38037,0,1.108,0
0.81443,0,0.58026,0,1,0,-0.58026,0,0.81443,0.38286,0,1.1079,0
0.8122,0,0.58337,0,1,0,-0.58337,0,0.8122,0.38535,0,1.1079,0
0.80996,0,0.58649,0,1,0,-0.58649,0,0.80996,0.38786,0,1.1078,0
0.8077,0,0.58959,0,1,0,-0.58959,0,0.8077,0.39036,0,1.1076,0
0.80542,0,0.5927,0,1,0,-0.5927,0,0.80542,0.39288,0,1.1075,0
0.80313,0,0.59581,0,1,0,-0.59581,0,0.80313,0.39539,0,1.1074,0
0.80082,0,0.59891,0,1,0,-0.59891,0,0.80082,0.39792,0,1.1073,0
0.79849,0,0.60201,0,1,0,-0.60201,0,0.79849,0.40044,0,1.1071,0
0.79614,0,0.60511,0,1,0,-0.60511,0,0.79614,0.40298,0,1.1069,0
0.79378,0,0.6082,0,1,0,-0.6082,0,0.79378,0.40551,0,1.1068,0
0.7914,0,0.6113,0,1,0,-0.6113,0,0.7914,0.40805,0,1.1066,0
0.78901,0,0.61439,0,1,0,-0.61439,0,0.78901,0.4106,0,1.1064,0
0.78659,0,0.61747,0,1,0,-0.61747,0,0.78659,0.41315,0,1.1062,0
0.78416,0,0.62056,0,1,0,-0.62056,0,0.78416,0.4157,0,1.106,0
0.78171,0,0.62364,0,1,0,-0.62364,0,0.78171,0.41826,0,1.1058,0
0.77925,0,0.62671,0,1,0,-0.62671,0,0.77925,0.42083,0,1.1055,0
0.77677,0,0.62979,0,1,0,-0.62979,0,0.77677,0.4234,0,1.1053,0
0.77427,0,0.63286,0,1,0,-0.63286,0,0.77427,0.42597,0,1.105,0
0.77175,0,0.63592,0,1,0,-0.63592,0,0.77175,0.42854,0,1.1048,0
0.76922,0,0.63898,0,1,0,-0.63898,0,0.76922,0.43112,0,1.1045,0
0.76667,0,0.64204,0,1,0,-0.64204,0,0.76667,0.43371,0,1.1042,0
0.7641,0,0.64509,0,1,0,-0.64509,0,0.7641,0.43629,0,1.1039,0
0.76152,0,0.64814,0,1,0,-0.64814,0,0.76152,0.43888,0,1.1036,0
0.75892,0,0.65119,0,1,0,-0.65119,0,0.75892,0.44148,0,1.1033,0
0.7563,0,0.65423,0,1,0,-0.65423,0,0.7563,0.44408,0,1.1029,0
0.75366,0,0.65726,0,1,0,-0.65726,0,0.75366,0.44668,0,1.1026,0
0.75101,0,0.66029,0,1,0,-0.66029,0,0.75101,0.44928,0,1.1022,0
0.74834,0,0.66331,0,1,0,-0.66331,0,0.74834,0.45189,0,1.1019,0
0.74566,0,0.66633,0,1,0,-0.66633,0,0.74566,0.4545,0,1.1015,0
0.74295,0,0.66934,0,1,0,-0.66934,0,0.74295,0.45712,0,1.1011,0
0.74023,0,0.67235,0,1,0,-0.67235,0,0.74023,0.45973,0,1.1007,0
0.7375,0,0.67535,0,1,0,-0.67535,0,0.7375,0.46235,0,1.1003,0
0.73474,0,0.67834,0,1,0,-0.67834,0,0.73474,0.46498,0,1.0999,0
0.73197,0,0.68133,0,1,0,-0.68133,0,0.73197,0.4676,0,1.0994,0
0.72919,0,0.68431,0,1,0,-0.68431,0,0.72919,0.47023,0,1.099,0
0.72638,0,0.68729,0,1,0,-0.68729,0,0.72638,0.47286,0,1.0986,0
0.72356,0,0.69026,0,1,0,-0.69026,0,0.72356,0.47549,0,1.0981,0
0.72073,0,0.69322,0,1,0,-0.69322,0,0.72073,0.47813,0,1.0976,0
0.71787,0,0.69618,0,1,0,-0.69618,0,0.71787,0.48077,0,1.0971,0
0.715,0,0.69912,0,1,0,-0.69912,0,0.715,0.4834,0,1.0966,0
0.71211,0,0.70206,0,1,0,-0.70206,0,0.71211,0.48605,0,1.0961,0
0.70921,0,0.705,0,1,0,-0.705,0,0.70921,0.48869,0,1.0956,0
0.70629,0,0.70792,0,1,0,-0.70792,0,0.70629,0.49133,0,1.095,0
0.70335,0,0.71084,0,1,0,-0.71084,0,0.70335,0.49398,0,1.0945,0
0.7004,0,0.71375,0,1,0,-0.71375,0,0.7004,0.49663,0,1.0939,0
0.69743,0,0.71665,0,1,0,-0.71665,0,0.69743,0.49928,0,1.0934,0
0.69444,0,0.71955,0,1,0,-0.71955,0,0.69444,0.50193,0,1.0928,0
0.69144,0,0.72243,0,1,0,-0.72243,0,0.69144,0.50458,0,1.0922,0
0.68842,0,0.72531,0,1,0,-0.72531,0,0.68842,0.50724,0,1.0916,0
0.68539,0,0.72818,0,1,0,-0.72818,0,0.68539,0.50989,0,1.091,0
0.68234,0,0.73104,0,1,0,-0.73104,0,0.68234,0.51255,0,1.0903,0
0.67927,0,0.73389,0,1,0,-0.73389,0,0.67927,0.51521,0,1.0897,0
0.67619,0,0.73673,0,1,0,-0.73673,0,0.67619,0.51787,0,1.089,0
0.67309,0,0.73956,0,1,0,-0.73956,0,0.67309,0.52052,0,1.0884,0
0.66997,0,0.74238,0,1,0,-0.74238,0,0.66997,0.52318,0,1.0877,0
0.66684,0,0.7452,0,1,0,-0.7452,0,0.66684,0.52584,0,1.087,0
0.6637,0,0.748,0,1,0,-0.748,0,0.6637,0.5285,0,1.0863,0
0.66054,0,0.7508,0,1,0,-0.7508,0,0.66054,0.53116,0,1.0856,0
0.65736,0,0.75358,0,1,0,-0.75358,0,0.65736,0.53383,0,1.0848,0
0.65416,0,0.75635,0,1,0,-0.75635,0,0.65416,0.53649,0,1.0841,0
0.65095,0,0.75912,0,1,0,-0.75912,0,0.65095,0.53915,0,1.0833,0
0.64773,0,0.76187,0,1,0,-0.76187,0,0.64773,0.54181,0,1.0826,0
0.64449,0,0.76461,0,1,0,-0.76461,0,0.64449,0.54447,0,1.0818,0
0.64123,0,0.76735,0,1,0,-0.76735,0,0.64123,0.54713,0,1.081,0
0.63796,0,0.77007,0,1,0,-0.77007,0,0.63796,0.54979,0,1.0802,0
0.63468,0,0.77278,0,1,0,-0.77278,0,0.63468,0.55245,0,1.0794,0
0.63137,0,0.77548,0,1,0,-0.77548,0,0.63137,0.55511,0,1.0786,0
0.62806,0,0.77817,0,1,0,-0.77817,0,0.62806,0.55777,0,1.0777,0
0.62473,0,0.78084,0,1,0,-0.78084,0,0.62473,0.56043,0,1.0769,0
0.62138,0,0.78351,0,1,0,-0.78351,0,0.62138,0.56308,0,1.076,0
0.61802,0,0.78616,0,1,0,-0.78616,0,0.61802,0.56574,0,1.0751,0
0.61464,0,0.78881,0,1,0,-0.78881,0,0.61464,0.5684,0,1.0743,0
0.61125,0,0.79144,0,1,0,-0.79144,0,0.61125,0.57105,0,1.0734,0
0.60785,0,0.79405,0,1,0,-0.79405,0,0.60785,0.5737,0,1.0725,0
0.60443,0,0.79666,0,1,0,-0.79666,0,0.60443,0.57635,0,1.0715,0
0.60099,0,0.79925,0,1,0,-0.79925,0,0.60099,0.579,0,1.0706,0
0.59754,0,0.80184,0,1,0,-0.80184,0,0.59754,0.58165,0,1.0696,0
0.59408,0,0.8044,0,1,0,-0.8044,0,0.59408,0.5843,0,1.0687,0
0.5906,0,0.80696,0,1,0,-0.80696,0,0.5906,0.58694,0,1.0677,0
0.58711,0,0.8095,0,1,0,-0.8095,0,0.58711,0.58958,0,1.0667,0
0.58361,0,0.81204,0,1,0,-0.81204,0,0.58361,0.59223,0,1.0657,0
0.58009,0,0.81455,0,1,0,-0.81455,0,0.58009,0.59486,0,1.0647,0
0.57656,0,0.81706,0,1,0,-0.81706,0,0.57656,0.5975,0,1.0637,0
0.57301,0,0.81955,0,1,0,-0.81955,0,0.57301,0.60014,0,1.0627,0
0.56945,0,0.82203,0,1,0,-0.82203,0,0.56945,0.60277,0,1.0616,0
0.56588,0,0.82449,0,1,0,-0.82449,0,0.56588,0.6054,0,1.0606,0
0.56229,0,0.82694,0,1,0,-0.82694,0,0.56229,0.60802,0,1.0595,0
0.55869,0,0.82938,0,1,0,-0.82938,0,0.55869,0.61065,0,1.0584,0
0.55507,0,0.8318,0,1,0,-0.8318,0,0.55507,0.61327,0,1.0573,0
0.55145,0,0.83421,0,1,0,-0.83421,0,0.55145,0.61589,0,1.0562,0
0.54781,0,0.8366,0,1,0,-0.8366,0,0.54781,0.6185,0,1.0551,0
0.54415,0,0.83898,0,1,0,-0.83898,0,0.54415,0.62111,0,1.0539,0
0.54049,0,0.84135,0,1,0,-0.84135,0,0.54049,0.62372,0,1.0528,0
0.53681,0,0.8437,0,1,0,-0.8437,0,0.53681,0.62633,0,1.0516,0
0.53312,0,0.84604,0,1,0,-0.84604,0,0.53312,0.62893,0,1.0505,0
0.52942,0,0.84836,0,1,0,-0.84836,0,0.52942,0.63153,0,1.0493,0
0.5257,0,0.85067,0,1,0,-0.85067,0,0.5257,0.63412,0,1.0481,0
0.52197,0,0.85296,0,1,0,-0.85296,0,0.52197,0.63672,0,1.0469,0
0.51823,0,0.85524,0,1,0,-0.85524,0,0.51823,0.6393,0,1.0457,0
0.51448,0,0.8575,0,1,0,-0.8575,0,0.51448,0.64189,0,1.0445,0
0.51072,0,0.85975,0,1,0,-0.85975,0,0.51072,0.64447,0,1.0432,0
0.50694,0,0.86198,0,1,0,-0.86198,0,0.50694,0.64704,0,1.042,0
0.50315,0,0.8642,0,1,0,-0.8642,0,0.50315,0.64961,0,1.0407,0
0.49935,0,0.8664,0,1,0,-0.8664,0,0.49935,0.65218,0,1.0394,0
0.49554,0,0.86858,0,1,0,-0.86858,0,0.49554,0.65474,0,1.0381,0
0.49172,0,0.87075,0,1,0,-0.87075,0,0.49172,0.6573,0,1.0368,0
0.48789,0,0.87291,0,1,0,-0.87291,0,0.48789,0.65985,0,1.0355,0
0.48405,0,0.87504,0,1,0,-0.87504,0,0.48405,0.6624,0,1.0342,0
0.48019,0,0.87716,0,1,0,-0.87716,0,0.48019,0.66495,0,1.0329,0
0.47632,0,0.87927,0,1,0,-0.87927,0,0.47632,0.66749,0,1.0315,0
0.47245,0,0.88136,0,1,0,-0.88136,0,0.47245,0.67002,0,1.0302,0
0.46856,0,0.88343,0,1,0,-0.88343,0,0.46856,0.67255,0,1.0288,0
0.46466,0,0.88549,0,1,0,-0.88549,0,0.46466,0.67507,0,1.0274,0
0.46076,0,0.88753,0,1,0,-0.88753,0,0.46076,0.67759,0,1.026,0
0.45684,0,0.88955,0,1,0,-0.88955,0,0.45684,0.6801,0,1.0246,0
0.45291,0,0.89156,0,1,0,-0.89156,0,0.45291,0.68261,0,1.0232,0
0.44897,0,0.89355,0,1,0,-0.89355,0,0.44897,0.68511,0,1.0218,0
0.44502,0,0.89552,0,1,0,-0.89552,0,0.44502,0.68761,0,1.0203,0
0.44107,0,0.89747,0,1,0,-0.89747,0,0.44107,0.6901,0,1.0189,0
0.4371,0,0.89941,0,1,0,-0.89941,0,0.4371,0.69259,0,1.0174,0
0.43312,0,0.90133,0,1,0,-0.90133,0,0.43312,0.69506,0,1.0159,0
0.42914,0,0.90324,0,1,0,-0.90324,0,0.42914,0.69754,0,1.0145,0
0.42514,0,0.90513,0,1,0,-0.90513,0,0.42514,0.7,0,1.013,0
0.42114,0,0.907,0,1,0,-0.907,0,0.42114,0.70246,0,1.0115,0
0.41713,0,0.90885,0,1,0,-0.90885,0,0.41713,0.70492,0,1.0099,0
0.41311,0,0.91068,0,1,0,-0.91068,0,0.41311,0.70737,0,1.0084,0
0.40908,0,0.9125,0,1,0,-0.9125,0,0.40908,0.70981,0,1.0069,0
0.40504,0,0.9143,0,1,0,-0.9143,0,0.40504,0.71224,0,1.0053,0
0.40099,0,0.91608,0,1,0,-0.91608,0,0.40099,0.71467,0,1.0038,0
0.39694,0,0.91785,0,1,0,-0.91785,0,0.39694,0.71709,0,1.0022,0
0.39287,0,0.91959,0,1,0,-0.91959,0,0.39287,0.7195,0,1.0006,0
0.3888,0,0.92132,0,1,0,-0.92132,0,0.3888,0.72191,0,0.999,0
0.38473,0,0.92303,0,1,0,-0.92303,0,0.38473,0.72431,0,0.9974,0
0.38064,0,0.92472,0,1,0,-0.92472,0,0.38064,0.72671,0,0.99578,0
0.37655,0,0.9264,0,1,0,-0.9264,0,0.37655,0.72909,0,0.99415,0
0.37245,0,0.92805,0,1,0,-0.92805,0,0.37245,0.73147,0,0.99252,0
0.36834,0,0.92969,0,1,0,-0.92969,0,0.36834,0.73384,0,0.99087,0
0.36422,0,0.93131,0,1,0,-0.93131,0,0.36422,0.73621,0,0.98921,0
0.3601,0,0.93291,0,1,0,-0.93291,0,0.3601,0.73856,0,0.98755,0
0.35598,0,0.9345,0,1,0,-0.9345,0,0.35598,0.74091,0,0.98587,0
0.35184,0,0.93606,0,1,0,-0.93606,0,0.35184,0.74325,0,0.98418,0
0.3477,0,0.93761,0,1,0,-0.93761,0,0.3477,0.74559,0,0.98248,0
0.34355,0,0.93913,0,1,0,-0.93913,0,0.34355,0.74791,0,0.98077,0
0.3394,0,0.94064,0,1,0,-0.94064,0,0.3394,0.75023,0,0.97905,0
0.33524,0,0.94213,0,1,0,-0.94213,0,0.33524,0.75254,0,0.97733,0
0.33108,0,0.9436,0,1,0,-0.9436,0,0.33108,0.75484,0,0.97559,0
0.32691,0,0.94506,0,1,0,-0.94506,0,0.32691,0.75714,0,0.97384,0
0.32273,0,0.94649,0,1,0,-0.94649,0,0.32273,0.75942,0,0.97208,0
0.31855,0,0.94791,0,1,0,-0.94791,0,0.31855,0.7617,0,0.97032,0
0.31436,0,0.9493,0,1,0,-0.9493,0,0.31436,0.76397,0,0.96854,0
0.31017,0,0.95068,0,1,0,-0.95068,0,0.31017,0.76623,0,0.96675,0
0.30597,0,0.95204,0,1,0,-0.95204,0,0.30597,0.76848,0,0.96496,0
0.30177,0,0.95338,0,1,0,-0.95338,0,0.30177,0.77072,0,0.96315,0
0.29757,0,0.9547,0,1,0,-0.9547,0,0.29757,0.77295,0,0.96134,0
0.29336,0,0.956,0,1,0,-0.956,0,0.29336,0.77518,0,0.95951,0
0.28914,0,0.95729,0,1,0,-0.95729,0,0.28914,0.7774,0,0.95768,0
0.28493,0,0.95855,0,1,0,-0.95855,0,0.28493,0.7796,0,0.95584,0
0.2807,0,0.95979,0,1,0,-0.95979,0,0.2807,0.7818,0,0.95399,0
0.27648,0,0.96102,0,1,0,-0.96102,0,0.27648,0.78399,0,0.95213,0
0.27225,0,0.96223,0,1,0,-0.96223,0,0.27225,0.78617,0,0.95026,0
0.26801,0,0.96341,0,1,0,-0.96341,0,0.26801,0.78835,0,0.94838,0
0.26378,0,0.96458,0,1,0,-0.96458,0,0.26378,0.79051,0,0.94649,0
0.25954,0,0.96573,0,1,0,-0.96573,0,0.25954,0.79266,0,0.9446,0
0.2553,0,0.96686,0,1,0,-0.96686,0,0.2553,0.7948,0,0.9427,0
0.25105,0,0.96797,0,1,0,-0.96797,0,0.25105,0.79694,0,0.94078,0
0.2468,0,0.96907,0,1,0,-0.96907,0,0.2468,0.79906,0,0.93886,0
0.24255,0,0.97014,0,1,0,-0.97014,0,0.24255,0.80118,0,0.93694,0
0.2383,0,0.97119,0,1,0,-0.97119,0,0.2383,0.80328,0,0.935,0
0.23404,0,0.97223,0,1,0,-0.97223,0,0.23404,0.80538,0,0.93305,0
0.22979,0,0.97324,0,1,0,-0.97324,0,0.22979,0.80747,0,0.9311,0
0.22553,0,0.97424,0,1,0,-0.97424,0,0.22553,0.80954,0,0.92914,0
0.22127,0,0.97521,0,1,0,-0.97521,0,0.22127,0.81161,0,0.92717,0
0.21701,0,0.97617,0,1,0,-0.97617,0,0.21701,0.81367,0,0.9252,0
0.21274,0,0.97711,0,1,0,-0.97711,0,0.21274,0.81571,0,0.92321,0
0.20848,0,0.97803,0,1,0,-0.97803,0,0.20848,0.81775,0,0.92122,0
0.20421,0,0.97893,0,1,0,-0.97893,0,0.20421,0.81978,0,0.91922,0
0.19994,0,0.97981,0,1,0,-0.97981,0,0.19994,0.82179,0,0.91721,0
0.19568,0,0.98067,0,1,0,-0.98067,0,0.19568,0.8238,0,0.9152,0
0.19141,0,0.98151,0,1,0,-0.98151,0,0.19141,0.8258,0,0.91318,0
0.18714,0,0.98233,0,1,0,-0.98233,0,0.18714,0.82778,0,0.91115,0
0.18287,0,0.98314,0,1,0,-0.98314,0,0.18287,0.82976,0,0.90911,0
0.1786,0,0.98392,0,1,0,-0.98392,0,0.1786,0.83172,0,0.90707,0
0.17433,0,0.98469,0,1,0,-0.98469,0,0.17433,0.83368,0,0.90502,0
0.17006,0,0.98543,0,1,0,-0.98543,0,0.17006,0.83562,0,0.90297,0
0.16579,0,0.98616,0,1,0,-0.98616,0,0.16579,0.83755,0,0.9009,0
0.16152,0,0.98687,0,1,0,-0.98687,0,0.16152,0.83948,0,0.89883,0
0.15725,0,0.98756,0,1,0,-0.98756,0,0.15725,0.84139,0,0.89676,0
0.15299,0,0.98823,0,1,0,-0.98823,0,0.15299,0.84329,0,0.89467,0
0.14872,0,0.98888,0,1,0,-0.98888,0,0.14872,0.84518,0,0.89258,0
0.14446,0,0.98951,0,1,0,-0.98951,0,0.14446,0.84706,0,0.89049,0
0.14019,0,0.99012,0,1,0,-0.99012,0,0.14019,0.84893,0,0.88839,0
0.13593,0,0.99072,0,1,0,-0.99072,0,0.13593,0.85079,0,0.88628,0
0.13167,0,0.99129,0,1,0,-0.99129,0,0.13167,0.85264,0,0.88417,0
0.12741,0,0.99185,0,1,0,-0.99185,0,0.12741,0.85448,0,0.88205,0
0.12315,0,0.99239,0,1,0,-0.99239,0,0.12315,0.8563,0,0.87992,0
0.1189,0,0.99291,0,1,0,-0.99291,0,0.1189,0.85812,0,0.87779,0
0.11464,0,0.99341,0,1,0,-0.99341,0,0.11464,0.85992,0,0.87566,0
0.11039,0,0.99389,0,1,0,-0.99389,0,0.11039,0.86172,0,0.87351,0
0.10614,0,0.99435,0,1,0,-0.99435,0,0.10614,0.8635,0,0.87137,0
0.1019,0,0.9948,0,1,0,-0.9948,0,0.1019,0.86527,0,0.86921,0
0.097653,0,0.99522,0,1,0,-0.99522,0,0.097653,0.86703,0,0.86706,0
0.093413,0,0.99563,0,1,0,-0.99563,0,0.093413,0.86878,0,0.86489,0
0.089175,0,0.99602,0,1,0,-0.99602,0,0.089175,0.87052,0,0.86273,0
0.084941,0,0.99639,0,1,0,-0.99639,0,0.084941,0.87225,0,0.86055,0
0.08071,0,0.99674,0,1,0,-0.99674,0,0.08071,0.87396,0,0.85838,0
0.076483,0,0.99707,0,1,0,-0.99707,0,0.076483,0.87567,0,0.85619,0
0.072259,0,0.99739,0,1,0,-0.99739,0,0.072259,0.87736,0,0.85401,0
0.068039,0,0.99768,0,1,0,-0.99768,0,0.068039,0.87904,0,0.85182,0
0.063824,0,0.99796,0,1,0,-0.99796,0,0.063824,0.88071,0,0.84962,0
0.059612,0,0.99822,0,1,0,-0.99822,0,0.059612,0.88237,0,0.84742,0
0.055404,0,0.99846,0,1,0,-0.99846,0,0.055404,0.88402,0,0.84522,0
0.051201,0,0.99869,0,1,0,-0.99869,0,0.051201,0.88565,0,0.84301,0
0.047002,0,0.99889,0,1,0,-0.99889,0,0.047002,0.88728,0,0.8408,0
0.042808,0,0.99908,0,1,0,-0.99908,0,0.042808,0.88889,0,0.83858,0
0.038619,0,0.99925,0,1,0,-0.99925,0,0.038619,0.89049,0,0.83636,0
0.034434,0,0.99941,0,1,0,-0.99941,0,0.034434,0.89208,0,0.83414,0
0.030255,0,0.99954,0,1,0,-0.99954,0,0.030255,0.89366,0,0.83191,0
0.026081,0,0.99966,0,1,0,-0.99966,0,0.026081,0.89523,0,0.82968,0
0.021912,0,0.99976,0,1,0,-0.99976,0,0.021912,0.89679,0,0.82744,0
0.017749,0,0.99984,0,1,0,-0.99984,0,0.017749,0.89833,0,0.82521,0
0.013592,0,0.99991,0,1,0,-0.99991,0,0.013592,0.89986,0,0.82297,0
0.00944,0,0.99996,0,1,0,-0.99996,0,0.00944,0.90139,0,0.82072,0
0.0052942,0,0.99999,0,1,0,-0.99999,0,0.0052942,0.9029,0,0.81847,0
0.0011544,0,1,0,1,0,-1,0,0.0011544,0.90439,0,0.81622,0
-0.0029792,0,1,0,1,0,-1,0,-0.0029792,0.90588,0,0.81397,0
-0.0071065,0,0.99997,0,1,0,-0.99997,0,-0.0071065,0.90736,0,0.81172,0
-0.011227,0,0.99994,0,1,0,-0.99994,0,-0.011227,0.90882,0,0.80946,0
-0.015342,0,0.99988,0,1,0,-0.99988,0,-0.015342,0.91027,0,0.8072,0
-0.019449,0,0.99981,0,1,0,-0.99981,0,-0.019449,0.91171,0,0.80494,0
-0.02355,0,0.99972,0,1,0,-0.99972,0,-0.02355,0.91314,0,0.80267,0
-0.027643,0,0.99962,0,1,0,-0.99962,0,-0.027643,0.91456,0,0.8004,0
-0.03173,0,0.9995,0,1,0,-0.9995,0,-0.03173,0.91596,0,0.79813,0
-0.035809,0,0.99936,0,1,0,-0.99936,0,-0.035809,0.91736,0,0.79586,0
-0.039881,0,0.9992,0,1,0,-0.9992,0,-0.039881,0.91874,0,0.79359,0
-0.043946,0,0.99903,0,1,0,-0.99903,0,-0.043946,0.92011,0,0.79131,0
-0.048003,0,0.99885,0,1,0,-0.99885,0,-0.048003,0.92147,0,0.78904,0
-0.052052,0,0.99864,0,1,0,-0.99864,0,-0.052052,0.92282,0,0.78676,0
-0.056093,0,0.99843,0,1,0,-0.99843,0,-0.056093,0.92416,0,0.78448,0
-0.060126,0,0.99819,0,1,0,-0.99819,0,-0.060126,0.92548,0,0.7822,0
-0.064151,0,0.99794,0,1,0,-0.99794,0,-0.064151,0.9268,0,0.77992,0
-0.068168,0,0.99767,0,1,0,-0.99767,0,-0.068168,0.9281,0,0.77763,0
-0.072177,0,0.99739,0,1,0,-0.99739,0,-0.072177,0.92939,0,0.77535,0
-0.076177,0,0.99709,0,1,0,-0.99709,0,-0.076177,0.93067,0,0.77306,0
-0.080169,0,0.99678,0,1,0,-0.99678,0,-0.080169,0.93193,0,0.77078,0
-0.084151,0,0.99645,0,1,0,-0.99645,0,-0.084151,0.93319,0,0.76849,0
-0.088125,0,0.99611,0,1,0,-0.99611,0,-0.088125,0.93443,0,0.7662,0
-0.09209,0,0.99575,0,1,0,-0.99575,0,-0.09209,0.93567,0,0.76391,0
-0.096046,0,0.99538,0,1,0,-0.99538,0,-0.096046,0.93689,0,0.76162,0
-0.099993,0,0.99499,0,1,0,-0.99499,0,-0.099993,0.9381,0,0.75933,0
-0.10393,0,0.99458,0,1,0,-0.99458,0,-0.10393,0.9393,0,0.75704,0
-0.10786,0,0.99417,0,1,0,-0.99417,0,-0.10786,0.94048,0,0.75475,0
-0.11178,0,0.99373,0,1,0,-0.99373,0,-0.11178,0.94166,0,0.75246,0
-0.11569,0,0.99329,0,1,0,-0.99329,0,-0.11569,0.94282,0,0.75017,0
-0.11959,0,0.99282,0,1,0,-0.99282,0,-0.11959,0.94398,0,0.74788,0
-0.12348,0,0.99235,0,1,0,-0.99235,0,-0.12348,0.94512,0,0.74559,0
-0.12735,0,0.99186,0,1,0,-0.99186,0,-0.12735,0.94625,0,0.7433,0
-0.13122,0,0.99135,0,1,0,-0.99135,0,-0.13122,0.94737,0,0.74102,0
-0.13508,0,0.99083,0,1,0,-0.99083,0,-0.13508,0.94848,0,0.73873,0
-0.13893,0,0.9903,0,1,0,-0.9903,0,-0.13893,0.94957,0,0.73644,0
-0.14277,0,0.98976,0,1,0,-0.98976,0,-0.14277,0.95066,0,0.73415,0
-0.1466,0,0.9892,0,1,0,-0.9892,0,-0.1466,0.95173,0,0.73187,0
-0.15042,0,0.98862,0,1,0,-0.98862,0,-0.15042,0.95279,0,0.72958,0
-0.15422,0,0.98804,0,1,0,-0.98804,0,-0.15422,0.95385,0,0.7273,0
-0.15802,0,0.98744,0,1,0,-0.98744,0,-0.15802,0.95489,0,0.72501,0
-0.16181,0,0.98682,0,1,0,-0.98682,0,-0.16181,0.95592,0,0.72273,0
-0.16558,0,0.9862,0,1,0,-0.9862,0,-0.16558,0.95693,0,0.72045,0
-0.16934,0,0.98556,0,1,0,-0.98556,0,-0.16934,0.95794,0,0.71817,0
-0.1731,0,0.9849,0,1,0,-0.9849,0,-0.1731,0.95894,0,0.71589,0
-0.17684,0,0.98424,0,1,0,-0.98424,0,-0.17684,0.95992,0,0.71361,0
-0.18057,0,0.98356,0,1,0,-0.98356,0,-0.18057,0.9609,0,0.71134,0
-0.18429,0,0.98287,0,1,0,-0.98287,0,-0.18429,0.96186,0,0.70906,0
-0.18799,0,0.98217,0,1,0,-0.98217,0,-0.18799,0.96282,0,0.70679,0
-0.19169,0,0.98146,0,1,0,-0.98146,0,-0.19169,0.96376,0,0.70452,0
-0.19537,0,0.98073,0,1,0,-0.98073,0,-0.19537,0.96469,0,0.70225,0
-0.19904,0,0.97999,0,1,0,-0.97999,0,-0.19904,0.96561,0,0.69999,0
-0.2027,0,0.97924,0,1,0,-0.97924,0,-0.2027,0.96652,0,0.69772,0
-0.20635,0,0.97848,0,1,0,-0.97848,0,-0.20635,0.96742,0,0.69546,0
-0.20999,0,0.9777,0,1,0,-0.9777,0,-0.20999,0.96831,0,0.6932,0
